2017 228  0    6.6  246.0  -2.5  368.  10.8   16714.
2017 228  1    6.6  246.1  -1.9  367.  12.5   17890.
2017 228  2    6.6  246.1   1.1  370.   7.0   35964.
2017 228  3    6.6  246.1   2.9  365.   6.0   40731.
2017 228  4    6.6  246.2   2.8  360.   6.3   39974.
2017 228  5    6.6  246.2   1.7  361.   5.8   36345.
2017 228  6    6.6  246.3   0.5  369.   5.3   30445.
2017 228  7    6.6  246.3   1.8  368.   4.7   28525.
2017 228  8    6.6  246.3   3.0  362.   4.6   27265.
2017 228  9    6.6  246.4   2.7  360.   7.0   26161.
2017 228 10    6.7  246.4   2.0  358.  10.2   19689.
2017 228 11    6.7  246.5   0.4  361.  12.2   24502.
2017 228 12    6.7  246.5   3.7  359.   8.8   26908.
2017 228 13    6.7  246.5   3.9  372.   6.1   50813.
2017 228 14    6.7  246.6   2.9  392.   6.1   89014.
2017 228 15    6.7  246.6   3.3  392.   6.4   98453.
2017 228 16    6.7  246.7   3.0  390.   7.1   77178.
2017 228 17    6.7  246.7   3.1  394.   8.1   66494.
2017 228 18    6.7  246.7   3.0  399.   9.0   67259.
2017 228 19    6.7  246.8   2.8  396.   8.8   58698.
2017 228 20    6.7  246.8   3.2  398.   9.5   55254.
2017 228 21    6.7  246.9   1.4  405.  10.3   53582.
2017 228 22    6.7  246.9   4.7  397.   9.9   54819.
2017 228 23    6.7  246.9   5.5  399.  10.6   80214.
2017 229  0    6.7  247.0   6.9  399.  12.1   96399.
2017 229  1    6.7  247.0   5.3  403.  11.5  102770.
2017 229  2    6.7  247.1   6.1  401.  11.4  106941.
2017 229  3    6.7  247.1   5.3  407.  11.2  130050.
2017 229  4    6.7  247.1   4.0  420.  10.3  132000.
2017 229  5    6.7  247.2   5.5  428.   9.7  152389.
2017 229  6    6.7  247.2   3.8  439.  10.7  135406.
2017 229  7    6.7  247.3   1.0  455.  12.5  143726.
2017 229  8    6.7  247.3   4.3  465.   9.2  153947.
2017 229  9    6.7  247.3   2.0  503.   6.5  275976.
2017 229 10    6.7  247.4   5.1  512.   8.2  258502.
2017 229 11    6.7  247.4   4.2  514.   9.3  254450.
2017 229 12    6.7  247.5   8.3  497.   9.9  244288.
2017 229 13    6.7  247.5   4.0  514.   9.0  230474.
2017 229 14    6.7  247.5   6.1  491.   8.3  202017.
2017 229 15    6.7  247.6   6.1  499.   8.5  223151.
2017 229 16    6.7  247.6   6.2  500.   8.6  179652.
2017 229 17    6.7  247.7   6.4  499.   8.8  181025.
2017 229 18    6.7  247.7   5.1  514.   7.5  188441.
2017 229 19    6.7  247.7   3.1  539.   7.6  197590.
2017 229 20    6.7  247.8   3.1  541.   7.4  195788.
2017 229 21    6.7  247.8   2.3  547.   7.0  181817.
2017 229 22    6.7  247.9   3.8  534.   6.7  168796.
2017 229 23    6.7  247.9   5.9  518.   6.5  160405.
2017 230  0    6.7  247.9   5.1  538.   5.6  156662.
2017 230  1    6.7  248.0   4.5  567.   5.8  247321.
2017 230  2    6.7  248.0   5.2  565.   5.5  231081.
2017 230  3    6.7  248.1   2.1  601.   4.5  226370.
2017 230  4    6.7  248.1   3.4  602.   5.1  200845.
2017 230  5    6.7  248.1   3.7  598.   4.0  175507.
2017 230  6    6.7  248.2   4.4  589.   4.4  171843.
2017 230  7    6.7  248.2   4.9  583.   4.3  148789.
2017 230  8    6.7  248.3   4.8  582.   4.1  158074.
2017 230  9    6.7  248.3   2.2  593.   3.9  159302.
2017 230 10    6.7  248.3   3.6  570.   3.9  190693.
2017 230 11    6.7  248.4   2.7  566.   3.8  173847.
2017 230 12    6.7  248.4   2.6  562.   3.6  153106.
2017 230 13    6.7  248.5   3.4  559.   4.7  173734.
2017 230 14    6.8  248.5   3.7  555.   5.0  149248.
2017 230 15    6.8  248.5   3.7  551.   5.2  130178.
2017 230 16    6.8  248.6   3.2  555.   5.6  131394.
2017 230 17    6.8  248.6  -1.7  595.   5.3  135419.
2017 230 18    6.8  248.7   1.8  571.   5.4  160131.
2017 230 19    6.8  248.7   2.8  565.   5.7  181373.
2017 230 20    6.8  248.8   3.5  562.   5.4  204574.
2017 230 21    6.8  248.8   1.9  580.   5.6  225914.
2017 230 22    6.8  248.8   3.6  566.   5.2  219825.
2017 230 23    6.8  248.9   3.2  576.   4.9  200147.
2017 231  0    6.8  248.9   1.6  595.   4.4  189527.
2017 231  1    6.8  249.0   5.3  576.   4.8  170391.
2017 231  2    6.8  249.0   3.9  586.   4.8  205336.
2017 231  3    6.8  249.0   4.2  585.   4.9  191519.
2017 231  4    6.8  249.1   1.6  621.   4.0  203104.
2017 231  5    6.8  249.1   2.8  623.   4.1  245228.
2017 231  6    6.8  249.2   4.7  619.   4.3  267115.
2017 231  7    6.8  249.2   2.8  636.   4.2  229535.
2017 231  8    6.8  249.2   4.3  638.   3.9  215770.
2017 231  9    6.8  249.3   3.9  666.   4.0  240193.
2017 231 10    6.8  249.3   4.5  667.   4.7  248597.
2017 231 11    6.8  249.4   5.3  668.   4.5  239292.
2017 231 12    6.8  249.4   3.2  704.   3.6  305581.
2017 231 13    6.8  249.4   3.2  724.   3.6  352392.
2017 231 14    6.8  249.5   2.9  734.   3.7  320433.
2017 231 15    6.8  249.5   3.7  726.   3.9  348367.
2017 231 16    6.8  249.6   2.6  729.   3.7  372661.
2017 231 17    6.8  249.6   3.8  713.   3.2  326209.
2017 231 18    6.8  249.6   4.3  720.   2.9  295630.
2017 231 19    6.8  249.7   4.0  722.   2.8  233338.
2017 231 20    6.8  249.7   4.7  716.   2.3  185584.
2017 231 21    6.8  249.8   3.9  721.   2.4  241292.
2017 231 22    6.8  249.8   3.1  728.   2.3  243461.
2017 231 23    6.8  249.8   4.1  708.   2.1  180291.
2017 232  0    6.8  249.9   3.9  700.   1.7  134671.
2017 232  1    6.8  249.9   2.9  726.   1.6  163236.
2017 232  2    6.8  250.0   1.7  750.   1.6  203889.
2017 232  3    6.8  250.0   2.2  740.   1.6  209437.
2017 232  4    6.8  250.0   2.7  732.   1.6  173627.
2017 232  5    6.8  250.1   3.0  730.   1.7  175943.
2017 232  6    6.8  250.1   2.7  729.   1.8  179359.
2017 232  7    6.8  250.2   1.2  743.   2.1  213082.
2017 232  8    6.8  250.2   1.6  729.   1.8  178211.
2017 232  9    6.8  250.2   3.0  710.   2.0  170056.
2017 232 10    6.8  250.3   3.7  700.   2.0  168619.
2017 232 11    6.8  250.3   3.6  694.   2.1  145594.
2017 232 12    6.8  250.4   4.6  672.   1.8  100660.
2017 232 13    6.8  250.4   4.0  671.   1.6  112601.
2017 232 14    6.8  250.4   3.3  682.   1.8  143330.
2017 232 15    6.8  250.5   2.8  690.   1.7  148933.
2017 232 16    6.8  250.5   3.1  678.   1.6  128157.
2017 232 17    6.8  250.6   3.0  672.   1.4  120393.
2017 232 18    6.8  250.6   2.3  669.   1.5  145050.
2017 232 19    6.8  250.6   2.8  659.   1.9  140584.
2017 232 20    6.8  250.7   2.6  664.   1.6  128897.
2017 232 21    6.8  250.7   1.5  666.   1.6  156559.
2017 232 22    6.8  250.8   2.1  653.   1.6  141223.
2017 232 23    6.9  250.8   2.4  649.   1.7  137059.
2017 233  0    6.9  250.8   2.6  643.   1.7  140856.
2017 233  1    6.9  250.9   2.4  637.   1.8  141213.
2017 233  2    6.9  250.9   1.4  641.   2.0  147404.
2017 233  3    6.9  251.0  -0.1  635.   1.6  154423.
2017 233  4    6.9  251.0   0.1  622.   1.6  147754.
2017 233  5    6.9  251.1   0.7  610.   1.7  149173.
2017 233  6    6.9  251.1   0.6  606.   1.7  119021.
2017 233  7    6.9  251.1  -1.2  607.   1.7   98918.
2017 233  8    6.9  251.2  -0.1  595.   1.9  101414.
2017 233  9    6.9  251.2  -0.4  587.   2.0  101051.
2017 233 10    6.9  251.3   0.9  583.   2.4  119982.
2017 233 11    6.9  251.3   2.7  574.   2.8  122961.
2017 233 12    6.9  251.3   3.1  559.   3.0  129112.
2017 233 13    6.9  251.4   3.0  568.   2.7  139426.
2017 233 14    6.9  251.4   3.0  568.   2.6  134015.
2017 233 15    6.9  251.5   3.4  568.   2.9  139812.
2017 233 16    6.9  251.5   3.0  561.   3.0  157766.
2017 233 17    6.9  251.5   1.8  566.   2.8  152738.
2017 233 18    6.9  251.6   2.5  557.   2.8   91743.
2017 233 19    6.9  251.6   1.8  547.   3.3  104639.
2017 233 20    6.9  251.7   3.0  537.   3.8  143516.
2017 233 21    6.9  251.7   3.0  525.   4.4  120134.
2017 233 22    6.9  251.7   4.6  547.   5.0  144136.
2017 233 23    6.9  251.8   4.2  592.   4.9  281713.
2017 234  0    6.9  251.8  -3.6  571.   7.2  113113.
2017 234  1    6.9  251.9  -3.8  565.   4.9  144176.
2017 234  2    6.9  251.9  -4.4  585.   6.4  146179.
2017 234  3    6.9  251.9  -3.8  577.   8.5  107459.
2017 234  4    6.9  252.0  -2.8  580.   6.3  109169.
2017 234  5    6.9  252.0  -0.4  574.  10.4   66161.
2017 234  6    6.9  252.1   0.2  595.   6.9   45416.
2017 234  7    6.9  252.1  -2.3  614.   3.9   40138.
2017 234  8    6.9  252.1  -2.3  613.   1.9   93804.
2017 234  9    6.9  252.2  -2.0  592.   2.5   75769.
2017 234 10    6.9  252.2  -3.3  600.   2.2   41892.
2017 234 11    6.9  252.3  -2.8  580.   2.5   48933.
2017 234 12    6.9  252.3  -3.4  580.   2.7   44562.
2017 234 13    6.9  252.3  -3.5  565.   2.9   41652.
2017 234 14    6.9  252.4  -3.3  557.   3.1   45696.
2017 234 15    6.9  252.4  -2.9  543.   3.0   52975.
2017 234 16    6.9  252.5   1.0  523.   5.3   49802.
2017 234 17    6.9  252.5   0.4  517.   7.9   44040.
2017 234 18    6.9  252.5   0.2  512.   9.7   43582.
2017 234 19    6.9  252.6  -0.2  506.   8.8   53924.
2017 234 20    6.9  252.6  -1.0  500.   5.0   83681.
2017 234 21    6.9  252.7  -2.1  487.   5.6   53208.
2017 234 22    6.9  252.7  -1.5  486.   5.6   59630.
2017 234 23    6.9  252.7  -0.2  477.   5.6  113607.
2017 235  0    6.9  252.8   1.7  476.   5.2   44460.
2017 235  1    6.9  252.8   2.6  474.   3.9   24101.
2017 235  2    6.9  252.9   2.8  464.   4.3   18530.
2017 235  3    6.9  252.9   2.1  463.   4.8   14432.
2017 235  4    6.9  253.0   1.8  457.   4.9   13210.
2017 235  5    6.9  253.0   0.6  451.   6.7   14004.
2017 235  6    6.9  253.0   0.2  454.   5.8   23014.
2017 235  7    6.9  253.1   0.4  459.   6.5   23351.
2017 235  8    6.9  253.1   0.5  474.   5.4   21378.
2017 235  9    6.9  253.2   0.8  478.   7.4   24590.
2017 235 10    6.9  253.2   1.5  483.   5.4   16394.
2017 235 11    6.9  253.2   1.9  479.   5.1   13794.
2017 235 12    6.9  253.3   3.2  471.   4.4   26251.
2017 235 13    6.9  253.3   2.7  467.   4.8   40333.
2017 235 14    6.9  253.4   1.9  471.   5.1   43575.
2017 235 15    7.0  253.4   0.7  477.   5.5   38249.
2017 235 16    7.0  253.4   0.9  481.   5.6   56798.
2017 235 17    7.0  253.5  -0.4  482.   5.7   41601.
2017 235 18    7.0  253.5   2.0  467.   5.9  127570.
2017 235 19    7.0  253.6   2.5  465.   5.3  116891.
2017 235 20    7.0  253.6   1.5  459.   5.5   96023.
2017 235 21    7.0  253.6   1.0  453.   5.6   60028.
2017 235 22    7.0  253.7   0.4  451.   5.8   54529.
2017 235 23    7.0  253.7   0.5  445.   6.2   69594.
2017 236  0    7.0  253.8   1.6  433.   6.5   81202.
2017 236  1    7.0  253.8  -0.2  439.   6.1   75218.
2017 236  2    7.0  253.8  -0.4  434.   6.1   75473.
2017 236  3    7.0  253.9  -0.5  431.   5.6   69910.
2017 236  4    7.0  253.9   0.1  429.   5.5   48559.
2017 236  5    7.0  254.0  -1.0  434.   5.8   44553.
2017 236  6    7.0  254.0  -2.4  438.   6.5   44481.
2017 236  7    7.0  254.0  -1.7  431.   6.4   44750.
2017 236  8    7.0  254.1   1.4  418.   6.4   54966.
2017 236  9    7.0  254.1   0.9  415.   6.4   55144.
2017 236 10    7.0  254.2  -0.4  418.   6.0   47801.
2017 236 11    7.0  254.2   0.5  399.   5.0   27372.
2017 236 12    7.0  254.2   3.0  394.   8.5   37977.
2017 236 13    7.0  254.3   4.7  392.   8.4   42109.
2017 236 14    7.0  254.3   4.5  391.   7.2   46596.
2017 236 15    7.0  254.4   3.5  389.   5.5   31421.
2017 236 16    7.0  254.4   3.7  394.   6.2   41539.
2017 236 17    7.0  254.4   3.4  392.   5.7   27364.
2017 236 18    7.0  254.5   5.2  384.   5.2   26273.
2017 236 19    7.0  254.5   4.4  377.   6.0   28860.
2017 236 20    7.0  254.6   3.0  374.   6.3   30908.
2017 236 21    7.0  254.6   2.6  365.   5.5   29552.
2017 236 22    7.0  254.6   3.2  358.   5.2   37399.
2017 236 23    7.0  254.7   3.0  358.   5.9   50595.
2017 237  0    7.0  254.7   3.1  357.   5.4   33869.
2017 237  1    7.0  254.8   3.5  359.   5.2   28722.
2017 237  2    7.0  254.8   3.8  362.   6.2   46700.
2017 237  3    7.0  254.9   3.9  359.   6.6   53012.
2017 237  4    7.0  254.9   3.1  356.   6.3   38918.
2017 237  5    7.0  254.9   3.1  350.   6.8   35107.
2017 237  6    7.0  255.0   2.8  349.   6.1   36101.
2017 237  7    7.0  255.0   2.1  348.   5.6   30767.
2017 237  8    7.0  255.1   3.2  342.   6.3   40624.
2017 237  9    7.0  255.1   2.6  345.   6.2   34340.
2017 237 10    7.0  255.1   2.2  349.   6.9   35555.
2017 237 11    7.0  255.2   2.6  354.   8.0   39645.
2017 237 12    7.0  255.2   1.8  358.   9.1   43688.
2017 237 13    7.0  255.3   1.3  359.   9.8   41358.
2017 237 14    7.0  255.3   3.4  346.   9.9   46250.
2017 237 15    7.0  255.3   2.7  346.   6.9   18052.
2017 237 16    7.0  255.4   2.9  340.   6.9   21070.
2017 237 17    7.0  255.4   3.3  335.   6.6   25666.
2017 237 18    7.0  255.5   3.3  332.   7.0   38851.
2017 237 19    7.0  255.5   2.8  335.   6.1   22445.
2017 237 20    7.0  255.5   4.0  339.   5.0   19005.
2017 237 21    7.0  255.6   4.1  356.   4.0   23239.
2017 237 22    7.0  255.6   3.8  340.   6.1   27847.
2017 237 23    7.0  255.7   3.2  340.   6.1   45950.
2017 238  0    7.0  255.7   2.2  345.   5.9   25916.
2017 238  1    7.0  255.7   3.2  332.   6.7   26516.
2017 238  2    7.0  255.8   2.6  340.   8.0   32427.
2017 238  3    7.0  255.8   3.1  331.   7.6   32083.
2017 238  4    7.0  255.9   2.0  337.   7.6   32438.
2017 238  5    7.0  255.9   0.7  340.   7.3   28783.
2017 238  6    7.0  255.9   1.7  337.   6.9   35111.
2017 238  7    7.0  256.0   3.0  340.   4.9   32320.
2017 238  8    7.0  256.0   3.0  342.   5.0   36393.
2017 238  9    7.0  256.1   2.6  342.   5.1   33371.
2017 238 10    7.0  256.1   2.5  331.   4.6   30015.
2017 238 11    7.0  256.1   2.8  334.   5.4   45799.
2017 238 12    7.0  256.2   3.8  331.   6.1   48125.
2017 238 13    7.0  256.2   2.9  337.   6.0   40664.
2017 238 14    7.0  256.3   2.5  347.   5.1   33521.
2017 238 15    7.0  256.3   0.4  348.   5.0   30910.
2017 238 16    7.0  256.3  -0.8  349.   5.7   31447.
2017 238 17    7.0  256.4   2.5  349.   3.0   71673.
2017 238 18    7.0  256.4   2.5  344.   2.5   88024.
2017 238 19    7.1  256.5   2.1  347.   1.9   48418.
2017 238 20    7.1  256.5   2.0  350.   1.9   42359.
2017 238 21    7.1  256.6   3.2  336.   2.1   54980.
2017 238 22    7.1  256.6   1.9  343.   2.4   48099.
2017 238 23    7.1  256.6   3.6  324.   3.3   32423.
2017 239  0    7.1  256.7   3.7  320.   3.5   38573.
2017 239  1    7.1  256.7  -0.9  355.   3.5   36182.
2017 239  2    7.1  256.8  -3.9  362.   3.8   31998.
2017 239  3    7.1  256.8  -0.6  353.   2.9   25462.
2017 239  4    7.1  256.8   1.8  342.   3.0   26020.
2017 239  5    7.1  256.9   1.6  337.   4.2   24792.
2017 239  6    7.1  256.9   0.9  334.   4.7   12920.
2017 239  7    7.1  257.0   3.1  324.   3.4   42984.
2017 239  8    7.1  257.0   0.5  328.   4.3   33343.
2017 239  9    7.1  257.0  -3.0  330.   5.1   29830.
2017 239 10    7.1  257.1  -2.8  334.   5.2   32748.
2017 239 11    7.1  257.1   1.9  332.   3.2   54864.
2017 239 12    7.1  257.2   0.2  336.   3.6   34389.
2017 239 13    7.1  257.2   1.5  337.   4.9   38816.
2017 239 14    7.1  257.2   0.5  339.   5.9   37221.
2017 239 15    7.1  257.3  -0.1  342.   6.5   32110.
2017 239 16    7.1  257.3  -1.7  345.   8.8   18944.
2017 239 17    7.1  257.4  -2.6  345.   6.5   23530.
2017 239 18    7.1  257.4  -1.4  343.   5.4   24541.
2017 239 19    7.1  257.4  -1.3  336.   5.7   24934.
2017 239 20    7.1  257.5  -2.7  335.   6.9   28907.
2017 239 21    7.1  257.5  -0.3  335.   4.9   25685.
2017 239 22    7.1  257.6   3.1  316.   3.9   24789.
2017 239 23    7.1  257.6   4.7  301.   3.6   23185.
2017 240  0    7.1  257.6   4.9  295.   4.1   28477.
2017 240  1    7.1  257.7   6.0  291.   3.6   26747.
2017 240  2    7.1  257.7   4.0  305.   4.0   30333.
2017 240  3    7.1  257.8   5.9  295.   4.1   34021.
2017 240  4    7.1  257.8   6.8  285.   4.1   39568.
2017 240  5    7.1  257.8   6.7  284.   4.2   45477.
2017 240  6    7.1  257.9   5.3  295.   4.3   53639.
2017 240  7    7.1  257.9   3.4  315.   4.6   63125.
2017 240  8    7.1  258.0   3.8  310.   4.8   68270.
2017 240  9    7.1  258.0   3.3  320.   5.5   75257.
2017 240 10    7.1  258.1   4.8  305.   5.6   86249.
2017 240 11    7.1  258.1   3.9  308.   5.4   80962.
2017 240 12    7.1  258.1   4.9  300.   5.1   88533.
2017 240 13    7.1  258.2   4.7  297.   5.1   90223.
2017 240 14    7.1  258.2   4.6  295.   5.0   93846.
2017 240 15    7.1  258.3   4.8  290.   3.7   46388.
2017 240 16    7.1  258.3   5.8  285.   2.8   25865.
2017 240 17    7.1  258.3   4.9  279.   2.8   22356.
2017 240 18    7.1  258.4   5.6  275.   3.1   24448.
2017 240 19    7.1  258.4   5.7  277.   3.3   24493.
2017 240 20    7.1  258.5   6.6  275.   3.3   28795.
2017 240 21    7.1  258.5   5.8  282.   3.4   35923.
2017 240 22    7.1  258.5   3.2  296.   3.9   35099.
2017 240 23    7.1  258.6   1.0  308.   4.2   45280.
2017 241  0    7.1  258.6  -0.1  311.   5.7   34108.
2017 241  1    7.1  258.7  -0.7  320.   9.2   33060.
2017 241  2    7.1  258.7  -3.1  313.   7.3   24361.
2017 241  3    7.1  258.7  -3.1  324.   7.2   43905.
2017 241  4    7.1  258.8   0.5  343.   9.0   59104.
2017 241  5    7.1  258.8  -0.1  344.   8.0   45485.
2017 241  6    7.1  258.9   1.0  346.   8.0   60948.
2017 241  7    7.1  258.9  -0.9  340.   7.1   60581.
2017 241  8    7.1  258.9  -0.2  339.   8.5   45158.
2017 241  9    7.1  259.0  -1.0  330.  11.3   32760.
2017 241 10    7.1  259.0   1.9  319.   9.3   34003.
2017 241 11    7.1  259.1   4.1  303.   7.1   31923.
2017 241 12    7.1  259.1   3.9  299.   6.5   54964.
2017 241 13    7.1  259.1   2.4  312.   7.3   66059.
2017 241 14    7.1  259.2   2.7  302.   6.7   36597.
2017 241 15    7.1  259.2   2.9  299.   7.7   26733.
2017 241 16    7.1  259.3   3.5  297.   8.1   14980.
2017 241 17    7.1  259.3   2.8  332.  17.8   25862.
2017 241 18    7.1  259.3   1.4  347.  34.0   25448.
2017 241 19    7.1  259.4  -0.5  349.  25.3   44033.
2017 241 20    7.1  259.4  -7.7  361.  18.3   79851.
2017 241 21    7.1  259.5  -6.0  353.  16.5   79231.
2017 241 22    7.1  259.5  -1.2  364.  10.3  123335.
2017 241 23    7.1  259.6  -3.5  370.   7.5  117299.
2017 242  0    7.1  259.6  -2.2  372.   7.7  138760.
2017 242  1    7.1  259.6   0.3  382.   7.1   89292.
2017 242  2    7.1  259.7  -1.3  376.   6.2   82623.
2017 242  3    7.1  259.7  -2.1  372.   6.9   81065.
2017 242  4    7.1  259.8  -0.0  375.   6.8   62358.
2017 242  5    7.1  259.8  -1.6  368.   6.7   63692.
2017 242  6    7.1  259.8  -2.5  368.   6.7   78335.
2017 242  7    7.1  259.9  -2.2  371.   6.6   66357.
2017 242  8    7.1  259.9  -0.2  372.   6.0   41480.
2017 242  9    7.1  260.0  -0.9  374.   5.8   45339.
2017 242 10    7.1  260.0  -2.2  368.   5.9   56108.
2017 242 11    7.1  260.0  -2.1  361.   6.1   29086.
2017 242 12    7.1  260.1  -1.8  357.   6.5   28702.
2017 242 13    7.1  260.1  -2.4  353.   5.8   27340.
2017 242 14    7.1  260.2   1.2  348.   6.6   21063.
2017 242 15    7.1  260.2   2.0  354.   6.6   27371.
2017 242 16    7.1  260.2   0.9  353.   7.0   23136.
2017 242 17    7.1  260.3   0.5  352.   7.7   25695.
2017 242 18    7.1  260.3   0.3  348.   8.2   24250.
2017 242 19    7.1  260.4  -2.1  349.   7.5   22535.
2017 242 20    7.1  260.4  -3.5  353.   6.2   21371.
2017 242 21    7.2  260.4  -3.6  365.   6.0   26223.
2017 242 22    7.2  260.5  -3.0  369.   6.4   21238.
2017 242 23    7.2  260.5  -3.1  359.   6.5   19026.
2017 243  0    7.2  260.6  -2.7  363.   6.9   19447.
2017 243  1    7.2  260.6  -3.5  350.   6.9   15474.
2017 243  2    7.2  260.6  -5.9  370.  12.1   31665.
2017 243  3    7.2  260.7  -5.6  382.  14.9   43427.
2017 243  4    7.2  260.7  -3.6  368.  18.9   35801.
2017 243  5    7.2  260.8  -3.6  373.  25.1   36740.
2017 243  6    7.2  260.8  -6.8  415.  69.8   80622.
2017 243  7    7.2  260.9   4.1  476.  30.0  567422.
2017 243  8    7.2  260.9   3.0  546.  16.9  993880.
2017 243  9    7.2  260.9   6.6  585.  11.4  619677.
2017 243 10    7.2  261.0   6.2  616.   9.0  340025.
2017 243 11    7.2  261.0  -1.7  641.   7.7  393440.
2017 243 12    7.2  261.1   2.0  626.   7.4  394153.
2017 243 13    7.2  261.1   6.4  613.   5.7  324461.
2017 243 14    7.2  261.1   5.3  619.   5.0  293327.
2017 243 15    7.2  261.2   2.9  612.   5.0  204869.
2017 243 16    7.2  261.2   1.4  617.   4.8  252576.
2017 243 17    7.2  261.3   3.1  599.   4.4  242161.
2017 243 18    7.2  261.3   3.5  592.   4.2  227349.
2017 243 19    7.2  261.3   3.4  592.   3.9  225797.
2017 243 20    7.2  261.4   3.9  594.   3.6  199955.
2017 243 21    7.2  261.4   3.5  593.   3.1  192851.
2017 243 22    7.2  261.5   3.8  588.   3.1  184990.
2017 243 23    7.2  261.5   3.6  569.   3.4  132247.
2017 244  0    7.2  261.5   0.8  579.   3.3  120716.
2017 244  1    7.2  261.6   1.1  572.   3.2  115416.
2017 244  2    7.2  261.6   4.6  540.   3.1  107532.
2017 244  3    7.2  261.7   5.4  533.   3.4   89248.
2017 244  4    7.2  261.7   6.6  539.   3.6   92945.
2017 244  5    7.2  261.7   6.5  548.   5.6  128677.
2017 244  6    7.2  261.8   8.3  571.   5.4  148870.
2017 244  7    7.2  261.8   7.7  566.   4.8  193635.
2017 244  8    7.2  261.9   3.4  617.   6.9  319442.
2017 244  9    7.2  261.9  -0.2  625.   6.5  326515.
2017 244 10    7.2  261.9   5.6  628.   3.9  311138.
2017 244 11    7.2  262.0   5.0  640.   3.5  292761.
2017 244 12    7.2  262.0   5.5  637.   3.1  296873.
2017 244 13    7.2  262.1   5.5  631.   3.1  254003.
2017 244 14    7.2  262.1   6.1  628.   3.0  239482.
2017 244 15    7.2  262.1   5.4  634.   3.1  270924.
2017 244 16    7.2  262.2   6.1  617.   3.5  287477.
2017 244 17    7.2  262.2   6.2  612.   3.7  288434.
2017 244 18    7.2  262.3   5.3  630.   4.1  332206.
2017 244 19    7.2  262.3   6.4  626.   4.9  335987.
2017 244 20    7.2  262.4   5.8  627.   5.5  281811.
2017 244 21    7.2  262.4   3.8  621.   4.9  287049.
2017 244 22    7.2  262.4   4.5  617.   4.9  251745.
2017 244 23    7.2  262.5   7.7  608.   4.3  235839.
2017 245  0    7.2  262.5   7.6  593.   3.9  214077.
2017 245  1    7.2  262.6   5.7  587.   4.0  235938.
2017 245  2    7.2  262.6   3.0  593.   4.2  239372.
2017 245  3    7.2  262.6   3.9  580.   4.5  215706.
2017 245  4    7.2  262.7   3.5  580.   4.2  216344.
2017 245  5    7.2  262.7   2.9  595.   3.6  196347.
2017 245  6    7.2  262.8   3.7  605.   2.9  167496.
2017 245  7    7.2  262.8   1.5  614.   2.8  161989.
2017 245  8    7.2  262.8   2.2  606.   2.8  143991.
2017 245  9    7.2  262.9   0.8  610.   2.7  133033.
2017 245 10    7.2  262.9   2.5  585.   2.9  136952.
2017 245 11    7.2  263.0   3.3  579.   3.1  124005.
2017 245 12    7.2  263.0   2.8  575.   3.0  144487.
2017 245 13    7.2  263.0   3.0  568.   2.8  152941.
2017 245 14    7.2  263.1   2.7  572.   2.8  134065.
2017 245 15    7.2  263.1   3.5  562.   2.9  125606.
2017 245 16    7.2  263.2   3.1  566.   2.9  128729.
2017 245 17    7.2  263.2   0.3  582.   2.6  114626.
2017 245 18    7.2  263.2  -1.0  586.   2.8  108308.
2017 245 19    7.2  263.3  -1.6  591.   3.0  101321.
2017 245 20    7.2  263.3  -0.1  581.   3.7  126496.
2017 245 21    7.2  263.4  -1.8  585.   3.8  123317.
2017 245 22    7.2  263.4   0.1  571.   4.1  164002.
2017 245 23    7.2  263.5   0.4  561.   3.8  172239.
2017 246  0    7.2  263.5   0.0  545.   3.6  128188.
2017 246  1    7.2  263.5   1.0  543.   3.3   89049.
2017 246  2    7.2  263.6   2.4  542.   3.7  106837.
2017 246  3    7.2  263.6   2.2  539.   3.5  126443.
2017 246  4    7.2  263.7   3.5  515.   3.4  111825.
2017 246  5    7.2  263.7   3.3  521.   3.0  102915.
2017 246  6    7.2  263.7   3.5  515.   3.0  100246.
2017 246  7    7.2  263.8   3.2  511.   2.8   94030.
2017 246  8    7.2  263.8   2.1  520.   2.8  101083.
2017 246  9    7.2  263.9   0.8  524.   2.8   89950.
2017 246 10    7.2  263.9   0.0  525.   2.8   83187.
2017 246 11    7.2  263.9   3.5  499.   3.4  103952.
2017 246 12    7.2  264.0   3.6  492.   3.3   98446.
2017 246 13    7.2  264.0   3.6  488.   3.5   87334.
2017 246 14    7.2  264.1   3.1  488.   3.6   83389.
2017 246 15    7.2  264.1   0.3  512.   2.9   78147.
2017 246 16    7.2  264.1   3.0  487.   2.8   86224.
2017 246 17    7.2  264.2   3.9  474.   3.0   73367.
2017 246 18    7.2  264.2   4.0  481.   2.8   94765.
2017 246 19    7.2  264.3   3.9  480.   2.9   89035.
2017 246 20    7.2  264.3   4.2  477.   2.8  109372.
2017 246 21    7.2  264.3   3.1  484.   3.3   83541.
2017 246 22    7.2  264.4   1.9  490.   3.8   89378.
2017 246 23    7.2  264.4  -1.5  503.   3.7   78116.
2017 247  0    7.2  264.5  -0.1  500.   3.8   99182.
2017 247  1    7.2  264.5   0.2  508.   3.7   96151.
2017 247  2    7.2  264.5  -0.4  493.   3.8   99367.
2017 247  3    7.2  264.6   2.7  483.   3.2   95235.
2017 247  4    7.2  264.6   2.8  493.   3.1   95794.
2017 247  5    7.2  264.7   2.5  496.   2.6   71823.
2017 247  6    7.2  264.7  -1.8  493.   2.7   51082.
2017 247  7    7.2  264.8  -2.9  492.   2.7   49646.
2017 247  8    7.2  264.8  -1.6  476.   3.3   61403.
2017 247  9    7.2  264.8  -2.5  477.   4.3   63839.
2017 247 10    7.2  264.9   2.1  481.   4.4   81630.
2017 247 11    7.2  264.9   4.1  476.   4.8  121935.
2017 247 12    7.2  265.0   0.2  474.   4.4   83701.
2017 247 13    7.2  265.0  -2.3  478.   4.5   82310.
2017 247 14    7.2  265.0  -2.0  482.   5.4   88405.
2017 247 15    7.2  265.1   1.7  472.   6.7  129643.
2017 247 16    7.2  265.1   1.0  479.   8.5  116315.
2017 247 17    7.2  265.2  -3.1  500.   9.2  101836.
2017 247 18    7.2  265.2   0.4  490.  11.4  141678.
2017 247 19    7.2  265.2  -0.1  501.  10.8  157866.
2017 247 20    7.2  265.3   1.0  501.  10.6  155144.
2017 247 21    7.2  265.3  -1.5  515.   6.6  221736.
2017 247 22    7.2  265.4  -0.1  516.   6.5  235041.
2017 247 23    7.2  265.4   1.6  538.   6.6  246102.
2017 248  0    7.2  265.4   4.8  579.   5.8  210148.
2017 248  1    7.2  265.5  -1.1  594.   4.0  198858.
2017 248  2    7.2  265.5   2.8  601.   2.9  200256.
2017 248  3    7.2  265.6   2.7  592.   2.9  177916.
2017 248  4    7.2  265.6   2.6  581.   3.0  164608.
2017 248  5    7.2  265.6   2.0  577.   3.3  167767.
2017 248  6    7.2  265.7  -2.5  581.   3.3  138588.
2017 248  7    7.2  265.7   1.3  554.   2.9  149784.
2017 248  8    7.2  265.8   2.7  546.   2.8  135241.
2017 248  9    7.2  265.8   0.6  548.   2.3  134711.
2017 248 10    7.2  265.9   0.8  537.   2.1  115288.
2017 248 11    7.2  265.9   1.6  519.   2.1   89675.
2017 248 12    7.2  265.9  -0.6  534.   2.0   77078.
2017 248 13    7.2  266.0   1.7  503.   2.1   77248.
2017 248 14    7.2  266.0   2.8  493.   2.8   91234.
2017 248 15    7.2  266.1   2.2  499.   2.8   89053.
2017 248 16    7.2  266.1   2.8  494.   3.2   92984.
2017 248 17    7.2  266.1   2.6  497.   3.5   66394.
2017 248 18    7.2  266.2   3.0  487.   3.2   64383.
2017 248 19    7.2  266.2   3.2  482.   4.1   61060.
2017 248 20    7.2  266.3   3.1  470.   3.8   91947.
2017 248 21    7.2  266.3   3.9  478.   3.4   53137.
2017 248 22    7.2  266.3   4.4  480.   3.1   42641.
2017 248 23    7.2  266.4   4.3  472.   4.3   48314.
2017 249  0    7.2  266.4   3.5  469.   4.2   52639.
2017 249  1    7.2  266.5   3.6  473.   4.3  101979.
2017 249  2    7.2  266.5   4.1  466.   3.5   92867.
2017 249  3    7.2  266.5   3.5  476.   4.3   95499.
2017 249  4    7.2  266.6   2.0  486.   6.1   49796.
2017 249  5    7.2  266.6   2.1  472.   5.1  117012.
2017 249  6    7.2  266.7   3.0  470.   4.3  151746.
2017 249  7    7.2  266.7   1.8  469.   4.3  130072.
2017 249  8    7.2  266.7   1.1  463.   4.4   82980.
2017 249  9    7.2  266.8   0.5  460.   4.5   54704.
2017 249 10    7.2  266.8   0.3  457.   4.4   55030.
2017 249 11    7.2  266.9   0.9  455.   3.8   60020.
2017 249 12    7.2  266.9   2.0  450.   3.7   41076.
2017 249 13    7.2  267.0   1.5  447.   2.8   40028.
2017 249 14    7.2  267.0   1.6  436.   3.0   36203.
2017 249 15    7.2  267.0   1.5  430.   2.9   33722.
2017 249 16    7.2  267.1   1.9  432.   3.8   47564.
2017 249 17    7.2  267.1   0.3  416.   3.0   32485.
2017 249 18    7.2  267.2   0.3  414.   2.2   23964.
2017 249 19    7.2  267.2  -0.9  403.   2.5   24174.
2017 249 20    7.2  267.2  -0.3  401.   2.3   21006.
2017 249 21    7.2  267.3   1.3  416.   2.2   18707.
2017 249 22    7.2  267.3   1.3  412.   2.7   20003.
2017 249 23    7.2  267.4  -0.0  425.   4.0   38214.
2017 250  0    7.2  267.4  -1.4  557.   9.9  175454.
2017 250  1    7.2  267.4  -0.4  580.  13.8  218863.
2017 250  2    7.2  267.5   0.3  562.  13.5  624850.
2017 250  3    7.2  267.5  -1.4  581.  12.6  548313.
2017 250  4    7.2  267.6  -1.2  565.   9.6  489299.
2017 250  5    7.2  267.6  -3.6  547.  11.1  649826.
2017 250  6    7.2  267.6  -2.7  535.  10.2  584663.
2017 250  7    7.2  267.7  -4.0  520.   8.8  857664.
2017 250  8    7.2  267.7  -7.6  512.   6.6 1025982.
2017 250  9    7.2  267.8  -8.0  514.   5.4  902001.
2017 250 10    7.2  267.8  -8.2  499.   5.3  822480.
2017 250 11    7.2  267.8  -8.3  491.   4.8  961786.
2017 250 12    7.2  267.9   1.7  540.   6.1  806405.
2017 250 13    7.2  267.9   1.9  532.   6.2  763324.
2017 250 14    7.2  268.0   0.8  535.   6.1  731246.
2017 250 15    7.2  268.0  -0.5  501.   5.2  535278.
2017 250 16    7.2  268.1  -1.5  508.   4.4  491020.
2017 250 17    7.2  268.1  -1.2  509.   3.3  484038.
2017 250 18    7.2  268.1  -4.7  471.   3.3  472359.
2017 250 19    7.2  268.2  -0.1  493.   4.3  318871.
2017 250 20    7.2  268.2   1.0  497.   3.8  174328.
2017 250 21    7.2  268.3  -0.1  481.   3.1   25518.
2017 250 22    7.2  268.3   0.4  473.   2.2   20612.
2017 250 23    7.2  268.3  -5.0  616.   3.7  295068.
2017 251  0    7.2  268.4  -6.2  693.   4.3  474644.
2017 251  1    7.2  268.4  -2.6  682.   3.1 1252590.
2017 251  2    7.2  268.5   6.3  790.   1.9 2850964.
2017 251  3    7.2  268.5   2.5  788.   2.8 1615636.
2017 251  4    7.2  268.5  -0.1  752.   2.3  797969.
2017 251  5    7.2  268.6  -3.2  743.   3.0  545122.
2017 251  6    7.2  268.6  -4.1  736.   2.6 1407597.
2017 251  7    7.2  268.7  -7.1  785.   2.3 1100397.
2017 251  8    7.2  268.7  -1.6  821.   3.3  672633.
2017 251  9    7.2  268.7   0.8  802.   5.1  374515.
2017 251 10    7.2  268.8  -0.6  787.   5.7  412174.
2017 251 11    7.2  268.8  -0.8  789.   4.7  345051.
2017 251 12    7.2  268.9  -3.5  773.   3.5   18599.
2017 251 13    7.2  268.9  -1.1  757.   2.6   28671.
2017 251 14    7.2  268.9   1.9  742.   5.1   20080.
2017 251 15    7.2  269.0  -0.9  742.   3.6   78823.
2017 251 16    7.2  269.0  -3.4  748.   2.9  118886.
2017 251 17    7.2  269.1  -1.5  725.   2.9   82587.
2017 251 18    7.2  269.1  -2.1  717.   3.1  147983.
2017 251 19    7.2  269.2  -2.4  694.   1.9  128237.
2017 251 20    7.2  269.2  -4.4  687.   1.1  182382.
2017 251 21    7.2  269.2  -3.9  668.   0.9  180165.
2017 251 22    7.2  269.3  -5.3  665.   0.4  134856.
2017 251 23    7.2  269.3  -5.4  674.   0.3   95345.
2017 252  0    7.2  269.4  -5.2  657.   0.3  115315.
2017 252  1    7.2  269.4  -5.3  649.   0.3   89302.
2017 252  2    7.2  269.4  -5.6  664.   0.4   60207.
2017 252  3    7.2  269.5  -5.6  657.   0.3   67850.
2017 252  4    7.2  269.5  -5.6  649.   0.5   48009.
2017 252  5    7.2  269.6  -5.2  637.   0.4   51649.
2017 252  6    7.2  269.6  -5.1  624.   0.3   50223.
2017 252  7    7.2  269.6  -5.1  616.   0.3   57077.
2017 252  8    7.2  269.7  -5.0  600.   0.3   65192.
2017 252  9    7.2  269.7  -5.0  594.   0.3   50588.
2017 252 10    7.2  269.8  -5.1  587.   0.3   46503.
2017 252 11    7.3  269.8  -4.9  580.   0.3   50435.
2017 252 12    7.3  269.8  -5.0  579.   0.3   62604.
2017 252 13    7.3  269.9  -4.8  571.   0.3   61481.
2017 252 14    7.3  269.9  -5.1  573.   0.3   62432.
2017 252 15    7.3  270.0  -4.9  567.   0.3   49023.
2017 252 16    7.3  270.0  -5.1  554.   0.3   52365.
2017 252 17    7.3  270.1  -5.1  544.   0.3   56510.
2017 252 18    7.3  270.1  -5.0  540.   0.3   53401.
2017 252 19    7.3  270.1  -5.1  530.   0.3   50793.
2017 252 20    7.3  270.2  -4.9  525.   0.3   54226.
2017 252 21    7.3  270.2  -4.8  521.   0.3   49318.
2017 252 22    7.2  270.3  -4.7  520.   0.3   53030.
2017 252 23    7.2  270.3  -4.8  508.   0.3   51610.
2017 253  0    7.2  270.3  -4.7  508.   0.3   54372.
2017 253  1    7.2  270.4  -4.6  497.   0.3   53728.
2017 253  2    7.2  270.4  -4.8  492.   0.3   56109.
2017 253  3    7.2  270.5  -4.8  486.   0.3   54801.
2017 253  4    7.2  270.5  -4.7  483.   0.4   50723.
2017 253  5    7.2  270.5  -4.1  496.   0.5   71615.
2017 253  6    7.2  270.6  -3.8  499.   0.6  117754.
2017 253  7    7.2  270.6  -3.8  490.   0.6   93975.
2017 253  8    7.2  270.7  -3.4  493.   0.6   73975.
2017 253  9    7.2  270.7  -4.2  468.   0.6   89360.
2017 253 10    7.2  270.7  -4.2  484.   0.7  199999.
2017 253 11    7.2  270.8  -4.4  519.   0.9  199999.
2017 253 12    7.2  270.8  -4.2  518.   0.9  199999.
2017 253 13    7.2  270.9  -4.2  509.   0.9  199999.
2017 253 14    7.2  270.9  -4.3  511.   0.9  269221.
2017 253 15    7.2  270.9  -4.6  514.   0.9  257618.
2017 253 16    7.2  271.0  -4.4  507.   0.9  248562.
2017 253 17    7.2  271.0  -4.5  497.   0.9  260976.
2017 253 18    7.2  271.1  -0.1  550.   2.9  199999.
2017 253 19    7.2  271.1  -0.1  550.   2.9  199999.
2017 253 20    7.2  271.2   0.9  550.   2.9  199999.
2017 253 21    7.2  271.2   0.9  550.   2.9  199999.
2017 253 22    7.2  271.2   0.9  550.   2.9  199999.
2017 253 23    7.2  271.3   0.9  550.   2.9  199999.
2017 254  0    7.2  271.3  -0.2  616.   5.8  208772.
2017 254  1    7.2  271.4  -3.6  634.   5.4  127252.
2017 254  2    7.2  271.4  -3.8  635.   4.4   96243.
2017 254  3    7.2  271.4  -3.1  624.   3.3   80568.
2017 254  4    7.2  271.5  -3.3  614.   3.3   71632.
2017 254  5    7.2  271.5  -3.0  624.   3.4   72937.
2017 254  6    7.2  271.6  -3.7  621.   3.1   66635.
2017 254  7    7.2  271.6  -3.7  621.   2.9   82955.
2017 254  8    7.2  271.6  -2.0  617.   3.0  109316.
2017 254  9    7.2  271.7   1.5  618.   3.3   75781.
2017 254 10    7.2  271.7   2.2  610.   3.8   63913.
2017 254 11    7.2  271.8   0.9  607.   4.7   72429.
2017 254 12    7.2  271.8   0.2  602.   5.0   78445.
2017 254 13    7.2  271.8  -0.3  590.   5.4   88083.
2017 254 14    7.2  271.9  -1.0  575.   5.5   75407.
2017 254 15    7.2  271.9  -0.7  575.   4.2   74884.
2017 254 16    7.2  272.0   2.3  573.   3.4   66165.
2017 254 17    7.2  272.0   0.3  568.   3.8   57488.
2017 254 18    7.2  272.1  -1.2  561.   4.2   57543.
2017 254 19    7.2  272.1   1.5  555.   4.3   55702.
2017 254 20    7.2  272.1   0.6  560.   4.0   75921.
2017 254 21    7.2  272.2  -0.7  565.   4.4   83919.
2017 254 22    7.2  272.2   0.6  546.   4.8   79907.
2017 254 23    7.2  272.3   3.5  529.   4.6   68507.
2017 255  0    7.2  272.3   3.4  522.   5.7   59745.
2017 255  1    7.2  272.3  -1.4  524.   6.3   84974.
2017 255  2    7.2  272.4  -4.0  535.   5.4   93440.
2017 255  3    7.2  272.4  -4.0  528.   5.5   93526.
2017 255  4    7.2  272.5  -2.5  506.   6.1   84626.
2017 255  5    7.2  272.5   3.1  469.   7.1   55098.
2017 255  6    7.2  272.5   4.1  460.   7.2   66731.
2017 255  7    7.2  272.6   1.5  466.   9.3   73986.
2017 255  8    7.2  272.6  -0.9  477.   6.0   97679.
2017 255  9    7.2  272.7   1.4  460.   5.5   89589.
2017 255 10    7.2  272.7  -0.2  457.   4.4   62129.
2017 255 11    7.2  272.7  -0.8  467.   4.1  122018.
2017 255 12    7.2  272.8   0.5  472.   3.9  199527.
2017 255 13    7.2  272.8   0.9  463.   3.1  109317.
2017 255 14    7.2  272.9   0.4  462.   3.3  134638.
2017 255 15    7.2  272.9  -0.3  457.   3.7  108700.
2017 255 16    7.2  272.9   1.3  449.   4.0  114077.
2017 255 17    7.2  273.0   3.9  452.   4.5  104437.
2017 255 18    7.2  273.0   3.4  476.   4.8  135295.
2017 255 19    7.2  273.1   1.0  493.   5.0   87493.
2017 255 20    7.2  273.1   2.2  524.  12.2  115078.
2017 255 21    7.2  273.2   4.9  620.  15.0  475644.
2017 255 22    7.2  273.2  -1.2  609.  16.9  573652.
2017 255 23    7.2  273.2  -6.4  622.  15.6  542756.
2017 256  0    7.2  273.3   1.5  594.  14.5  489182.
2017 256  1    7.2  273.3  -2.4  591.  13.3  408103.
2017 256  2    7.2  273.4   2.3  573.  11.5  320580.
2017 256  3    7.2  273.4   0.0  563.  10.3  280679.
2017 256  4    7.2  273.4  -4.9  549.  10.3  237470.
2017 256  5    7.2  273.5  -6.3  527.   8.7  221991.
2017 256  6    7.2  273.5   1.7  506.   9.8  198259.
2017 256  7    7.2  273.6  -2.0  492.   8.8  199743.
2017 256  8    7.2  273.6  -0.2  482.   8.0  196693.
2017 256  9    7.2  273.6  -1.4  472.   8.1  175646.
2017 256 10    7.2  273.7  -1.2  461.   7.9  169118.
2017 256 11    7.2  273.7  -2.1  454.   7.9  150931.
2017 256 12    7.2  273.8  -3.1  445.   8.5  141168.
2017 256 13    7.2  273.8  -2.4  433.   9.9   88637.
2017 256 14    7.2  273.8  -3.2  422.   8.3   98383.
2017 256 15    7.2  273.9  -2.4  414.   6.4  111797.
2017 256 16    7.2  273.9  -1.3  408.   6.5   97182.
2017 256 17    7.2  274.0   1.2  396.   8.3   57535.
2017 256 18    7.2  274.0  -0.3  389.   8.2   59572.
2017 256 19    7.2  274.1  -0.1  382.   6.2   67273.
2017 256 20    7.2  274.1  -0.4  370.   5.2   56929.
2017 256 21    7.2  274.1  -1.6  358.   4.9   52430.
2017 256 22    7.2  274.2  -1.3  359.   4.5   49059.
2017 256 23    7.2  274.2  -0.8  354.   5.8   34406.
2017 257  0    7.2  274.3  -1.3  349.   4.5   29767.
2017 257  1    7.2  274.3  -2.9  360.   8.3   58210.
2017 257  2    7.2  274.3  -3.2  369.  12.3   91025.
2017 257  3    7.2  274.4  -2.7  370.  10.4   60919.
2017 257  4    7.2  274.4  -3.1  361.  10.6   57051.
2017 257  5    7.2  274.5  -4.0  347.   9.7   55969.
2017 257  6    7.2  274.5  -4.2  342.   9.8   55251.
2017 257  7    7.2  274.5  -3.8  334.   9.0   49486.
2017 257  8    7.2  274.6  -3.3  336.   7.9   44990.
2017 257  9    7.2  274.6  -3.7  346.  10.6   60306.
2017 257 10    7.2  274.7  -3.9  362.  10.8   76402.
2017 257 11    7.2  274.7  -2.7  376.  19.3   85373.
2017 257 12    7.2  274.7   1.9  412.  32.0   77895.
2017 257 13    7.2  274.8   1.1  435.  34.1  118304.
2017 257 14    7.2  274.8  -0.9  444.  45.7  120537.
2017 257 15    7.2  274.9  -0.0  456.   8.9  221054.
2017 257 16    7.2  274.9  -1.2  461.   9.1  252856.
2017 257 17    7.2  275.0   3.6  477.  11.2  358339.
2017 257 18    7.2  275.0   3.9  497.   9.6  318613.
2017 257 19    7.2  275.0   2.8  567.   6.0  279909.
2017 257 20    7.2  275.1   4.5  611.   3.5  231075.
2017 257 21    7.2  275.1   3.2  633.   3.6  200039.
2017 257 22    7.2  275.2   4.5  627.   3.5  194037.
2017 257 23    7.2  275.2   2.3  660.   3.4  243857.
2017 258  0    7.2  275.2   1.9  666.   3.3  279057.
2017 258  1    7.2  275.3   1.6  679.   3.6  325739.
2017 258  2    7.2  275.3   2.9  666.   3.4  299304.
2017 258  3    7.2  275.4   3.4  668.   3.4  278386.
2017 258  4    7.2  275.4   3.2  679.   3.4  239344.
2017 258  5    7.2  275.4   3.2  678.   3.2  219486.
2017 258  6    7.2  275.5   3.7  672.   2.9  228914.
2017 258  7    7.2  275.5   0.4  695.   2.8  215851.
2017 258  8    7.2  275.6   4.4  665.   2.9  206220.
2017 258  9    7.2  275.6   4.6  653.   2.5  228246.
2017 258 10    7.2  275.6   4.7  644.   2.8  220716.
2017 258 11    7.2  275.7   4.4  631.   2.5  173249.
2017 258 12    7.2  275.7   1.8  656.   3.2  154748.
2017 258 13    7.2  275.8   2.8  654.   3.8  188756.
2017 258 14    7.2  275.8   3.2  650.   4.0  193914.
2017 258 15    7.2  275.9   3.9  650.   3.9  186485.
2017 258 16    7.2  275.9   2.6  670.   3.7  218178.
2017 258 17    7.2  275.9   4.5  660.   3.3  215538.
2017 258 18    7.2  276.0   4.0  665.   3.6  214125.
2017 258 19    7.2  276.0   4.4  670.   2.9  242448.
2017 258 20    7.2  276.1   3.9  666.   3.0  266766.
2017 258 21    7.2  276.1   4.1  674.   3.0  250846.
2017 258 22    7.2  276.1   3.7  688.   3.2  227628.
2017 258 23    7.2  276.2   4.3  675.   3.3  258051.
2017 259  0    7.2  276.2   3.3  682.   3.5  238631.
2017 259  1    7.2  276.3   2.4  689.   4.0  233199.
2017 259  2    7.2  276.3   4.6  661.   3.7  236821.
2017 259  3    7.2  276.3   5.0  654.   3.4  226127.
2017 259  4    7.2  276.4   5.8  655.   4.0  205886.
2017 259  5    7.2  276.4   5.3  649.   4.2  216086.
2017 259  6    7.2  276.5   3.9  664.   3.1  208995.
2017 259  7    7.2  276.5   3.4  680.   2.8  208832.
2017 259  8    7.2  276.5   3.0  682.   3.0  209748.
2017 259  9    7.2  276.6   3.1  679.   3.1  190643.
2017 259 10    7.2  276.6   3.9  663.   3.0  178541.
2017 259 11    7.2  276.7   3.9  646.   2.5  149105.
2017 259 12    7.2  276.7   2.9  666.   2.3  180250.
2017 259 13    7.2  276.8   3.0  692.   2.6  239306.
2017 259 14    7.2  276.8   3.1  701.   2.8  262206.
2017 259 15    7.2  276.8   2.3  707.   2.8  264919.
2017 259 16    7.2  276.9   1.0  715.   2.8  236485.
2017 259 17    7.2  276.9   0.2  707.   2.7  228737.
2017 259 18    7.2  277.0   3.5  665.   2.4  191457.
2017 259 19    7.2  277.0   3.1  672.   2.5  210841.
2017 259 20    7.2  277.0   2.9  672.   2.4  207951.
2017 259 21    7.2  277.1   2.5  682.   2.5  236528.
2017 259 22    7.2  277.1   1.6  688.   2.6  232473.
2017 259 23    7.2  277.2   1.9  683.   2.4  223228.
2017 260  0    7.2  277.2   2.6  676.   2.2  197304.
2017 260  1    7.2  277.2   2.8  671.   2.3  173193.
2017 260  2    7.2  277.3   2.3  659.   2.0  151589.
2017 260  3    7.2  277.3   2.1  655.   2.2  212592.
2017 260  4    7.2  277.4   2.8  660.   2.4  179727.
2017 260  5    7.2  277.4   3.1  654.   2.4  164536.
2017 260  6    7.2  277.5   2.9  655.   2.7  183569.
2017 260  7    7.2  277.5   2.5  656.   3.5  185654.
2017 260  8    7.2  277.5   3.8  646.   3.6  196831.
2017 260  9    7.2  277.6   2.9  642.   3.6  182305.
2017 260 10    7.2  277.6   3.0  636.   3.6  169073.
2017 260 11    7.2  277.7   1.1  653.   3.1  170655.
2017 260 12    7.2  277.7   0.4  655.   3.3  165109.
2017 260 13    7.2  277.7   0.7  654.   3.5  167766.
2017 260 14    7.2  277.8   1.4  647.   3.2  164407.
2017 260 15    7.2  277.8   0.8  643.   3.6  161335.
2017 260 16    7.2  277.9   3.0  634.   3.9  179724.
2017 260 17    7.2  277.9   4.3  627.   3.4  171747.
2017 260 18    7.2  277.9   4.9  624.   3.3  182213.
2017 260 19    7.2  278.0   2.9  639.   3.4  184499.
2017 260 20    7.2  278.0   4.2  619.   3.3  146168.
2017 260 21    7.2  278.1   4.0  626.   3.2  160933.
2017 260 22    7.2  278.1   5.1  618.   3.3  190818.
2017 260 23    7.2  278.1   2.3  638.   3.8  229203.
