2022  66  0   -7.2   89.1  -1.6  485.   1.4  162827.
2022  66  1   -7.2   89.1   1.2  510.   1.4  130509.
2022  66  2   -7.2   89.2  -2.0  475.   1.6  151562.
2022  66  3   -7.2   89.2  -2.5  469.   1.6  141116.
2022  66  4   -7.2   89.3  -2.3  470.   1.6  133678.
2022  66  5   -7.2   89.3  -2.7  465.   1.4  121310.
2022  66  6   -7.2   89.3  -3.3  457.   1.3   82954.
2022  66  7   -7.2   89.4  -3.8  451.   1.3   64640.
2022  66  8   -7.2   89.4  -3.6  450.   1.3   61905.
2022  66  9   -7.2   89.5  -3.1  451.   1.4   67111.
2022  66 10   -7.2   89.5  -2.9  445.   1.6   84880.
2022  66 11   -7.2   89.6  -0.5  475.   1.6   50675.
2022  66 12   -7.2   89.6  -1.0  466.   1.9   49216.
2022  66 13   -7.2   89.6  -2.1  451.   1.6   36585.
2022  66 14   -7.2   89.7  -1.9  455.   1.9   29056.
2022  66 15   -7.2   89.7  -1.1  456.   2.2   27139.
2022  66 16   -7.3   89.8  -1.3  455.   2.3   40182.
2022  66 17   -7.3   89.8  -1.4  453.   2.3   32854.
2022  66 18   -7.3   89.9  -0.6  462.   2.7   82709.
2022  66 19   -7.3   89.9  -0.5  462.   2.6  104978.
2022  66 20   -7.3   89.9   2.3  478.   2.8  102533.
2022  66 21   -7.3   90.0   2.3  474.   2.8  103985.
2022  66 22   -7.3   90.0  -3.1  477.   2.2  102995.
2022  66 23   -7.3   90.1  -0.8  475.   2.5  120485.
2022  67  0   -7.3   90.1   0.9  483.   2.6  127017.
2022  67  1   -7.3   90.1   2.9  489.   2.6  111937.
2022  67  2   -7.3   90.2  -1.1  469.   2.7  111764.
2022  67  3   -7.3   90.2   0.3  473.   2.7  109634.
2022  67  4   -7.2   90.3   1.5  466.   2.8  121348.
2022  67  5   -7.2   90.3  -0.5  443.   2.5  105562.
2022  67  6   -7.2   90.4  -2.7  422.   2.4   88544.
2022  67  7   -7.2   90.4  -2.4  424.   2.6   83750.
2022  67  8   -7.2   90.4  -1.7  430.   2.8   77182.
2022  67  9   -7.2   90.5  -1.1  434.   3.2   66348.
2022  67 10   -7.2   90.5  -1.5  428.   3.1   57433.
2022  67 11   -7.2   90.6  -2.0  420.   2.6   54443.
2022  67 12   -7.2   90.6  -2.2  414.   2.5   55810.
2022  67 13   -7.2   90.6  -1.6  418.   2.7   50450.
2022  67 14   -7.2   90.7  -1.8  411.   2.6   43902.
2022  67 15   -7.2   90.7  -2.5  405.   2.8   45265.
2022  67 16   -7.2   90.8  -2.8  403.   3.0   46124.
2022  67 17   -7.2   90.8  -3.3  398.   2.9   46413.
2022  67 18   -7.2   90.9  -2.1  397.   2.5   42663.
2022  67 19   -7.2   90.9  -0.6  397.   2.5   35549.
2022  67 20   -7.2   90.9  -1.3  392.   3.3   46723.
2022  67 21   -7.2   91.0  -2.5  381.   3.4   53224.
2022  67 22   -7.2   91.0  -0.9  387.   3.5   47276.
2022  67 23   -7.2   91.1   0.1  389.   3.6   46251.
2022  68  0   -7.2   91.1  -1.2  378.   3.7   49600.
2022  68  1   -7.2   91.2  -1.1  378.   3.7   56304.
2022  68  2   -7.2   91.2  -1.0  378.   3.7   54043.
2022  68  3   -7.2   91.2  -2.3  371.   3.8   61274.
2022  68  4   -7.2   91.3  -1.6  373.   3.7   62734.
2022  68  5   -7.2   91.3  -1.1  378.   3.6   55198.
2022  68  6   -7.2   91.4   1.9  380.   3.8   47065.
2022  68  7   -7.2   91.4   0.3  373.   4.0   51889.
2022  68  8   -7.2   91.4  -0.2  368.   3.7   59598.
2022  68  9   -7.2   91.5  -2.7  357.   4.1   67658.
2022  68 10   -7.2   91.5  -3.4  357.   3.4   57426.
2022  68 11   -7.2   91.6  -2.7  358.   3.3   62523.
2022  68 12   -7.2   91.6   0.8  380.   3.5   53189.
2022  68 13   -7.2   91.7  -0.2  372.   3.2   53439.
2022  68 14   -7.2   91.7  -2.0  354.   3.1   48274.
2022  68 15   -7.2   91.7  -1.9  358.   3.0   47133.
2022  68 16   -7.2   91.8  -2.2  359.   3.0   45092.
2022  68 17   -7.2   91.8  -3.1  352.   3.1   48472.
2022  68 18   -7.2   91.9  -3.3  351.   3.0   45018.
2022  68 19   -7.2   91.9  -2.9  349.   3.1   44901.
2022  68 20   -7.2   92.0  -2.6  345.   3.1   48237.
2022  68 21   -7.2   92.0  -1.3  345.   3.2   48839.
2022  68 22   -7.2   92.0  -0.8  342.   3.3   48404.
2022  68 23   -7.2   92.1  -0.5  344.   3.2   49928.
2022  69  0   -7.2   92.1  -1.6  341.   3.1   60433.
2022  69  1   -7.2   92.2  -2.3  329.   2.6   49380.
2022  69  2   -7.2   92.2  -1.0  344.   4.3   69279.
2022  69  3   -7.2   92.2   0.2  354.   6.1   69237.
2022  69  4   -7.2   92.3   1.5  361.   5.2   64634.
2022  69  5   -7.2   92.3   2.5  366.   5.3   63223.
2022  69  6   -7.2   92.4  -1.5  348.   5.8   72933.
2022  69  7   -7.2   92.4  -3.5  332.   6.2   69992.
2022  69  8   -7.2   92.5  -1.9  339.   5.9   65409.
2022  69  9   -7.2   92.5   1.4  351.   5.9   45262.
2022  69 10   -7.2   92.5   2.7  351.   5.0   30002.
2022  69 11   -7.2   92.6   1.6  346.   6.8   31312.
2022  69 12   -7.2   92.6   0.7  343.   6.7   29823.
2022  69 13   -7.2   92.7  -0.1  338.   6.4   26032.
2022  69 14   -7.2   92.7  -1.0  336.   6.6   28749.
2022  69 15   -7.2   92.7   1.9  345.   7.0   13539.
2022  69 16   -7.2   92.8   1.4  343.   6.4   17337.
2022  69 17   -7.2   92.8   2.4  364.   9.2   22528.
2022  69 18   -7.2   92.9  -0.8  384.  15.4   26412.
2022  69 19   -7.2   92.9  -4.3  383.  17.0   35113.
2022  69 20   -7.2   93.0  -3.0  374.  14.6   45488.
2022  69 21   -7.2   93.0  -3.8  369.  13.8   36026.
2022  69 22   -7.2   93.0  -3.0  362.  15.0   39108.
2022  69 23   -7.2   93.1  -2.8  361.  15.9   35906.
2022  70  0   -7.2   93.1  -3.6  355.  18.4   29034.
2022  70  1   -7.2   93.2  -3.7  346.  14.5   43944.
2022  70  2   -7.2   93.2  -6.3  352.   9.9   27309.
2022  70  3   -7.2   93.3  -8.7  351.   8.6   21481.
2022  70  4   -7.2   93.3  -6.0  357.   9.6   65388.
2022  70  5   -7.2   93.3  -2.2  366.  12.6   95715.
2022  70  6   -7.2   93.4   0.3  346.   7.8   38070.
2022  70  7   -7.2   93.4  -1.6  360.  12.0   26196.
2022  70  8   -7.2   93.5  -4.0  375.  13.9   41640.
2022  70  9   -7.2   93.5  -5.0  393.   8.3   22978.
2022  70 10   -7.2   93.5  -5.3  373.   4.5   57115.
2022  70 11   -7.2   93.6  -7.0  394.   7.7   41252.
2022  70 12   -7.2   93.6  -5.2  405.  14.7   20254.
2022  70 13   -7.2   93.7  -1.3  390.  14.6   37008.
2022  70 14   -7.2   93.7  -0.4  383.   7.2   96522.
2022  70 15   -7.2   93.8   3.0  401.   6.0  102409.
2022  70 16   -7.2   93.8  -3.8  361.   7.4  143931.
2022  70 17   -7.2   93.8   3.5  402.   6.2   93868.
2022  70 18   -7.2   93.9   0.7  386.   6.3  107296.
2022  70 19   -7.2   93.9  -3.5  372.   8.6  139494.
2022  70 20   -7.2   94.0   0.7  386.   8.5  149224.
2022  70 21   -7.2   94.0   0.4  382.   8.2  121760.
2022  70 22   -7.2   94.0   3.3  403.   6.5   90564.
2022  70 23   -7.2   94.1   2.8  398.   6.9   88544.
2022  71  0   -7.2   94.1   2.1  386.   6.4   88493.
2022  71  1   -7.2   94.2   4.2  396.   4.8   62929.
2022  71  2   -7.2   94.2   2.8  389.   6.2   61687.
2022  71  3   -7.2   94.3   2.1  396.   6.3   47903.
2022  71  4   -7.2   94.3  -0.7  388.  10.1   41806.
2022  71  5   -7.2   94.3   1.0  406.  11.3   34149.
2022  71  6   -7.2   94.4   1.1  403.   9.2   34000.
2022  71  7   -7.2   94.4  -1.6  395.   7.1   36925.
2022  71  8   -7.2   94.5  -1.5  393.   5.3   27266.
2022  71  9   -7.2   94.5  -2.1  398.   4.4   17143.
2022  71 10   -7.2   94.6  -1.9  393.   5.6   16221.
2022  71 11   -7.2   94.6  -1.7  381.   3.9   29936.
2022  71 12   -7.2   94.6  -1.7  370.   3.7   37880.
2022  71 13   -7.2   94.7  -2.4  368.   2.6   36076.
2022  71 14   -7.2   94.7  -2.5  369.   2.1   40338.
2022  71 15   -7.2   94.8  -3.0  361.   2.2   52145.
2022  71 16   -7.2   94.8  -2.4  360.   2.6   29727.
2022  71 17   -7.2   94.8  -2.2  358.   2.4   27758.
2022  71 18   -7.2   94.9  -2.3  356.   2.2   23529.
2022  71 19   -7.2   94.9  -1.0  367.   2.6   28111.
2022  71 20   -7.2   95.0   0.0  372.   2.9   30349.
2022  71 21   -7.2   95.0  -0.9  362.   2.6   25613.
2022  71 22   -7.2   95.1  -1.2  360.   2.7   27297.
2022  71 23   -7.2   95.1  -0.8  366.   2.6   30069.
2022  72  0   -7.2   95.1  -0.6  370.   2.7   31359.
2022  72  1   -7.2   95.2  -1.1  366.   2.7   27206.
2022  72  2   -7.2   95.2  -2.2  357.   2.3   29221.
2022  72  3   -7.2   95.3  -2.5  351.   2.5   26449.
2022  72  4   -7.2   95.3  -2.5  345.   2.7   17377.
2022  72  5   -7.2   95.3  -2.9  339.   2.6   16904.
2022  72  6   -7.2   95.4  -2.5  338.   2.5   23042.
2022  72  7   -7.2   95.4  -2.0  347.   2.9   23219.
2022  72  8   -7.2   95.5  -2.1  345.   3.5   31388.
2022  72  9   -7.2   95.5  -2.2  345.   3.5   30622.
2022  72 10   -7.2   95.6  -3.1  400.   4.9   93639.
2022  72 11   -7.2   95.6  -3.4  535.  21.1  261564.
2022  72 12   -7.2   95.6   0.5  505.  29.7  205331.
2022  72 13   -7.2   95.7 -12.4  459.  28.1  149697.
2022  72 14   -7.2   95.7 -11.9  428.  35.7   82965.
2022  72 15   -7.2   95.8  -8.6  440.  18.4  184256.
2022  72 16   -7.2   95.8  -1.1  471.  24.5  157698.
2022  72 17   -7.2   95.9   4.1  491.  15.7  382160.
2022  72 18   -7.2   95.9  -5.1  442.   8.3  355740.
2022  72 19   -7.2   95.9  -3.6  452.  12.0  358638.
2022  72 20   -7.2   96.0   1.8  469.  19.6  102111.
2022  72 21   -7.2   96.0   1.2  469.  18.8  147779.
2022  72 22   -7.2   96.1   1.3  452.  21.7   49784.
2022  72 23   -7.2   96.1  -3.5  458.   8.2   87883.
2022  73  0   -7.2   96.1  -4.8  449.   3.7   80705.
2022  73  1   -7.2   96.2  -4.1  450.   5.3   90111.
2022  73  2   -7.2   96.2  -3.0  447.   4.0   56272.
2022  73  3   -7.2   96.3  -3.4  447.   4.4   41827.
2022  73  4   -7.2   96.3  -3.2  442.   5.4   35036.
2022  73  5   -7.2   96.4  -2.9  429.   5.2   25211.
2022  73  6   -7.2   96.4  -4.3  426.   6.2   21896.
2022  73  7   -7.2   96.4  -5.1  424.  12.5   13107.
2022  73  8   -7.2   96.5  -6.0  428.  17.7    9847.
2022  73  9   -7.2   96.5  -4.5  418.  17.1    7252.
2022  73 10   -7.2   96.6  -4.8  418.   9.9    5157.
2022  73 11   -7.2   96.6  -5.4  417.   8.8    5480.
2022  73 12   -7.2   96.6  -5.1  419.   9.5    5341.
2022  73 13   -7.2   96.7  -4.7  416.  10.0    8084.
2022  73 14   -7.2   96.7  -4.7  407.   7.3   22959.
2022  73 15   -7.2   96.8  -2.8  406.   4.6   36424.
2022  73 16   -7.2   96.8  -4.0  420.   4.1   55274.
2022  73 17   -7.2   96.9  -3.2  404.   4.1   62691.
2022  73 18   -7.2   96.9  -3.3  412.   5.8   90592.
2022  73 19   -7.2   96.9  -3.8  409.   7.5   91841.
2022  73 20   -7.2   97.0  -6.1  391.   7.9   96373.
2022  73 21   -7.2   97.0  -4.8  396.   4.3   82342.
2022  73 22   -7.2   97.1  -5.9  376.   2.8   83020.
2022  73 23   -7.2   97.1  -5.0  371.   3.5   92870.
2022  74  0   -7.2   97.1  -3.5  383.   3.7   83712.
2022  74  1   -7.2   97.2  -3.4  378.  11.0   84760.
2022  74  2   -7.2   97.2  -3.4  379.  11.7   66344.
2022  74  3   -7.2   97.3  -2.8  380.  10.7   35084.
2022  74  4   -7.2   97.3  -3.0  375.   6.7   37868.
2022  74  5   -7.2   97.4  -3.7  374.   3.2   38378.
2022  74  6   -7.2   97.4  -3.8  377.   2.8   52707.
2022  74  7   -7.2   97.4  -1.5  390.   2.5  142191.
2022  74  8   -7.2   97.5  -0.6  385.   2.8  183956.
2022  74  9   -7.2   97.5  -0.2  382.   2.8  214153.
2022  74 10   -7.2   97.6  -1.7  371.   3.5  281400.
2022  74 11   -7.2   97.6  -2.2  382.   3.1  193109.
2022  74 12   -7.2   97.7  -2.2  394.   3.7  164515.
2022  74 13   -7.2   97.7   1.0  392.   3.4  176862.
2022  74 14   -7.2   97.7  -0.2  374.   3.5  153435.
2022  74 15   -7.2   97.8  -0.9  366.   3.5  129517.
2022  74 16   -7.2   97.8  -0.7  368.   3.3  114316.
2022  74 17   -7.2   97.9  -0.3  366.   2.9   77831.
2022  74 18   -7.2   97.9  -1.3  358.   2.9   65599.
2022  74 19   -7.2   97.9  -2.8  374.   4.0   67816.
2022  74 20   -7.2   98.0  -1.7  403.   5.1   92101.
2022  74 21   -7.2   98.0  -1.7  397.   5.3   83179.
2022  74 22   -7.2   98.1  -2.0  415.   4.4   69674.
2022  74 23   -7.2   98.1  -1.0  419.   4.8   65194.
2022  75  0   -7.2   98.2  -0.0  424.   5.0   59035.
2022  75  1   -7.2   98.2  -1.3  415.   5.0   54202.
2022  75  2   -7.2   98.2  -1.4  410.   5.3   60331.
2022  75  3   -7.2   98.3  -2.0  411.   5.4   62021.
2022  75  4   -7.2   98.3  -1.2  412.   5.3   63324.
2022  75  5   -7.2   98.4  -0.5  418.   5.3   64507.
2022  75  6   -7.2   98.4   1.4  423.   5.4   68306.
2022  75  7   -7.2   98.4   1.7  419.   5.0   70112.
2022  75  8   -7.2   98.5  -1.0  409.   5.1   78709.
2022  75  9   -7.2   98.5  -2.2  410.   4.9   80129.
2022  75 10   -7.2   98.6  -2.2  407.   4.8   86370.
2022  75 11   -7.2   98.6  -1.2  404.   4.6   85801.
2022  75 12   -7.2   98.7   0.8  400.   4.8   73792.
2022  75 13   -7.2   98.7   1.2  399.   4.8   72101.
2022  75 14   -7.2   98.7   0.5  394.   4.5   80075.
2022  75 15   -7.2   98.8   0.3  390.   4.1   77405.
2022  75 16   -7.2   98.8  -1.2  385.   4.3   72964.
2022  75 17   -7.2   98.9  -1.8  381.   4.5   73938.
2022  75 18   -7.2   98.9  -1.2  380.   4.3   68113.
2022  75 19   -7.2   98.9  -1.3  377.   4.3   62958.
2022  75 20   -7.2   99.0  -0.7  378.   4.1   61364.
2022  75 21   -7.2   99.0  -0.1  381.   4.1   61902.
2022  75 22   -7.2   99.1  -1.6  374.   4.2   63789.
2022  75 23   -7.2   99.1  -2.1  370.   4.2   61889.
2022  76  0   -7.2   99.2  -2.9  360.   3.3   49425.
2022  76  1   -7.2   99.2  -3.2  360.   3.9   50676.
2022  76  2   -7.2   99.2  -4.4  360.   3.9   52417.
2022  76  3   -7.2   99.3  -4.5  363.   3.8   49351.
2022  76  4   -7.2   99.3   2.4  390.   5.1   33081.
2022  76  5   -7.2   99.4   4.1  391.   4.8   31088.
2022  76  6   -7.2   99.4  -1.3  371.   6.3   69512.
2022  76  7   -7.2   99.4  -0.7  383.   6.3   50479.
2022  76  8   -7.2   99.5  -2.6  368.   5.8   48553.
2022  76  9   -7.2   99.5  -4.5  361.   5.5   39479.
2022  76 10   -7.2   99.6  -0.5  364.   5.9   46252.
2022  76 11   -7.1   99.6   1.9  369.   5.7   41956.
2022  76 12   -7.1   99.7   2.5  364.   4.8   30528.
2022  76 13   -7.1   99.7   1.9  361.   5.2   36774.
2022  76 14   -7.1   99.7   0.6  357.   4.9   47741.
2022  76 15   -7.1   99.8   0.4  349.   4.4   40954.
2022  76 16   -7.1   99.8  -2.0  336.   3.8   37165.
2022  76 17   -7.1   99.9  -3.5  322.   3.0   22994.
2022  76 18   -7.1   99.9  -2.7  326.   3.1   28325.
2022  76 19   -7.1  100.0  -2.2  323.   3.3   34134.
2022  76 20   -7.1  100.0  -0.7  329.   3.5   38626.
2022  76 21   -7.1  100.0  -2.4  313.   3.0   26461.
2022  76 22   -7.1  100.1  -2.9  312.   3.2   31980.
2022  76 23   -7.1  100.1  -0.6  330.   4.0   37918.
2022  77  0   -7.1  100.2  -1.4  325.   4.1   29425.
2022  77  1   -7.1  100.2  -1.1  327.   4.0   24420.
2022  77  2   -7.1  100.2  -0.4  327.   4.3   18172.
2022  77  3   -7.1  100.3  -1.1  320.   4.5   17379.
2022  77  4   -7.1  100.3  -0.5  323.   4.2   17009.
2022  77  5   -7.1  100.4  -1.2  322.   4.3   21529.
2022  77  6   -7.1  100.4  -1.5  316.   3.9   14994.
2022  77  7   -7.1  100.5  -1.6  313.   4.0   15700.
2022  77  8   -7.1  100.5  -2.1  307.   3.9   15572.
2022  77  9   -7.1  100.5  -1.9  305.   3.8   16495.
2022  77 10   -7.1  100.6  -1.9  301.   3.6   17419.
2022  77 11   -7.1  100.6  -1.8  298.   3.7   15663.
2022  77 12   -7.1  100.7  -1.2  301.   3.9   22791.
2022  77 13   -7.1  100.7  -1.0  302.   4.3   30588.
2022  77 14   -7.1  100.7  -1.6  299.   4.3   28560.
2022  77 15   -7.1  100.8  -1.9  297.   4.4   32729.
2022  77 16   -7.1  100.8  -2.5  296.   4.4   33090.
2022  77 17   -7.1  100.9  -2.2  298.   4.8   32221.
2022  77 18   -7.1  100.9  -1.1  303.   5.1   31285.
2022  77 19   -7.1  101.0   0.6  314.   5.1   28941.
2022  77 20   -7.1  101.0   1.2  317.   5.2   25619.
2022  77 21   -7.1  101.0   1.8  317.   5.1   22864.
2022  77 22   -7.1  101.1   1.5  315.   5.4   23843.
2022  77 23   -7.1  101.1   0.8  312.   5.5   27351.
2022  78  0   -7.1  101.2  -2.2  291.   4.9   29276.
2022  78  1   -7.1  101.2  -2.5  291.   5.1   28736.
2022  78  2   -7.1  101.2  -3.0  290.   4.5   28452.
2022  78  3   -7.1  101.3  -1.9  298.   5.8   36570.
2022  78  4   -7.1  101.3  -1.6  301.   6.9   41686.
2022  78  5   -7.1  101.4  -1.4  301.   7.0   43331.
2022  78  6   -7.1  101.4  -1.0  303.   7.7   40796.
2022  78  7   -7.1  101.5  -0.8  304.   7.5   36098.
2022  78  8   -7.1  101.5  -0.2  306.   8.1   34441.
2022  78  9   -7.1  101.5   0.0  304.   8.2   29037.
2022  78 10   -7.1  101.6  -0.6  300.   8.4   32197.
2022  78 11   -7.1  101.6  -0.4  299.   7.2   25116.
2022  78 12   -7.1  101.7   0.3  299.   7.1   20377.
2022  78 13   -7.1  101.7   0.6  299.   7.3   24101.
2022  78 14   -7.1  101.7  -1.2  295.   9.0   34292.
2022  78 15   -7.1  101.8  -1.4  297.   9.5   44054.
2022  78 16   -7.1  101.8  -2.2  295.   9.9   44909.
2022  78 17   -7.1  101.9  -3.0  295.   9.9   47545.
2022  78 18   -7.1  101.9  -1.0  302.  11.2   55820.
2022  78 19   -7.1  102.0  -1.6  299.  11.6   60194.
2022  78 20   -7.1  102.0  -1.4  305.  12.9   63363.
2022  78 21   -7.1  102.0   1.5  321.  14.4   53492.
2022  78 22   -7.1  102.1   4.1  325.  15.4   41548.
2022  78 23   -7.1  102.1   2.0  320.  15.4   44028.
2022  79  0   -7.1  102.2   2.9  320.  16.4   33429.
2022  79  1   -7.1  102.2   1.4  315.  17.4   28656.
2022  79  2   -7.1  102.2   0.2  324.  18.4   32660.
2022  79  3   -7.1  102.3   0.0  315.  15.3   32573.
2022  79  4   -7.1  102.3   0.9  314.  16.3   24153.
2022  79  5   -7.1  102.4   0.6  310.  16.5   18757.
2022  79  6   -7.1  102.4  -0.3  309.  15.4   11870.
2022  79  7   -7.1  102.5   0.2  311.  14.8   12482.
2022  79  8   -7.1  102.5   0.5  306.  13.9   13969.
2022  79  9   -7.1  102.5  -0.4  298.  13.5   14695.
2022  79 10   -7.1  102.6  -0.7  299.  13.2   17219.
2022  79 11   -7.1  102.6  -1.6  300.  13.8   15874.
2022  79 12   -7.1  102.7  -1.0  300.  12.3   12880.
2022  79 13   -7.1  102.7  -1.4  299.  12.7   19150.
2022  79 14   -7.1  102.7 999.9  297.  14.3   22435.
2022  79 15   -7.1  102.8 999.9  306.  10.8   28182.
2022  79 16   -7.1  102.8 999.9  309.   9.6   25927.
2022  79 17   -7.1  102.9 999.9  313.   4.3   18410.
2022  79 18   -7.1  102.9 999.9  311.   3.8   23695.
2022  79 19   -7.1  103.0   1.0  315.   2.7   29704.
2022  79 20   -7.1  103.0   0.3  320.   3.5   36535.
2022  79 21   -7.1  103.0  -2.4  320.   6.8   90949.
2022  79 22   -7.1  103.1  -3.2  327.   7.5   80321.
2022  79 23   -7.1  103.1  -1.6  324.   6.5   96996.
2022  80  0   -7.1  103.2  -2.0  332.   7.2  121690.
2022  80  1   -7.1  103.2  -1.0  329.   6.3  109970.
2022  80  2   -7.1  103.2   2.3  316.   6.4  107950.
2022  80  3   -7.1  103.3   1.8  324.   4.0   77369.
2022  80  4   -7.1  103.3   1.8  326.   6.9   74396.
2022  80  5   -7.1  103.4   2.1  321.   8.9   82312.
2022  80  6   -7.1  103.4   2.2  313.   9.7   69487.
2022  80  7   -7.1  103.5   1.1  318.   9.1   31920.
2022  80  8   -7.1  103.5   2.4  319.   7.6   20465.
2022  80  9   -7.1  103.5   3.0  333.   6.2   20906.
2022  80 10   -7.0  103.6   3.1  322.   5.9   24598.
2022  80 11   -7.0  103.6   2.5  321.   6.2   29443.
2022  80 12   -7.0  103.7   2.6  319.   7.1   30827.
2022  80 13   -7.0  103.7   2.6  315.   5.4   29939.
2022  80 14   -7.0  103.7   2.2  320.   5.9   36777.
2022  80 15   -7.0  103.8   2.1  326.   5.6   37643.
2022  80 16   -7.0  103.8   0.2  326.   8.8   36473.
2022  80 17   -7.0  103.9   1.1  327.  10.0   22096.
2022  80 18   -7.0  103.9   0.1  329.  13.9   24794.
2022  80 19   -7.0  104.0   1.2  333.  14.6   16471.
2022  80 20   -7.0  104.0   0.9  332.  17.3   22131.
2022  80 21   -7.0  104.0   0.2  333.  17.4   21736.
2022  80 22   -7.0  104.1   1.1  333.  20.3   18754.
2022  80 23   -7.0  104.1  -2.3  334.  14.8   33123.
2022  81  0   -7.0  104.2  -4.1  331.  14.4   66353.
2022  81  1   -7.0  104.2  -5.1  329.  13.5   62973.
2022  81  2   -7.0  104.2  -3.1  332.  13.2   54217.
2022  81  3   -7.0  104.3  -4.6  332.  14.3   48001.
2022  81  4   -7.0  104.3  -5.8  326.  12.2   43289.
2022  81  5   -7.0  104.4  -4.9  324.  11.8   46741.
2022  81  6   -7.0  104.4  -1.9  324.  13.3   39165.
2022  81  7   -7.0  104.5   3.6  315.   8.8   16960.
2022  81  8   -7.0  104.5   5.7  318.   5.8   17233.
2022  81  9   -7.0  104.5   6.8  318.   4.8   15503.
2022  81 10   -7.0  104.6   6.0  313.   2.1   33343.
2022  81 11   -7.0  104.6   5.3  310.   2.0   41780.
2022  81 12   -7.0  104.7   6.2  306.   2.1   24837.
2022  81 13   -7.0  104.7   5.5  323.   2.4   30873.
2022  81 14   -7.0  104.7   5.5  328.   2.0   20962.
2022  81 15   -7.0  104.8   4.7  323.   6.4   22829.
2022  81 16   -7.0  104.8   2.4  326.  11.1   32242.
2022  81 17   -7.0  104.9  -3.6  330.  13.8   66479.
2022  81 18   -7.0  104.9  -4.1  326.  15.4   75020.
2022  81 19   -7.0  105.0  -4.1  328.  15.6   70518.
2022  81 20   -7.0  105.0   1.3  343.  15.0   43281.
2022  81 21   -7.0  105.0   3.3  362.   7.6   56193.
2022  81 22   -7.0  105.1   3.9  363.  12.2   72919.
2022  81 23   -7.0  105.1   3.9  362.  12.2   50347.
2022  82  0   -7.0  105.2   3.5  367.  15.6   60156.
2022  82  1   -7.0  105.2   3.5  386.   7.4  147309.
2022  82  2   -7.0  105.2   3.7  388.   7.0  143542.
2022  82  3   -7.0  105.3   4.6  377.   6.0  117834.
2022  82  4   -7.0  105.3   3.8  384.   6.5  104598.
2022  82  5   -7.0  105.4   6.3  382.   6.3  103353.
2022  82  6   -7.0  105.4   6.8  376.   6.1  120973.
2022  82  7   -7.0  105.5   3.9  385.   8.5  127510.
2022  82  8   -7.0  105.5  -1.7  394.  11.2  143972.
2022  82  9   -7.0  105.5   2.2  376.  10.8  142655.
2022  82 10   -7.0  105.6   0.7  369.   9.5  130840.
2022  82 11   -7.0  105.6  -2.9  381.   9.0  132070.
2022  82 12   -7.0  105.7   0.5  359.   9.3  137965.
2022  82 13   -7.0  105.7   0.5  369.   8.8  133103.
2022  82 14   -7.0  105.7   1.5  365.   8.5  116710.
2022  82 15   -7.0  105.8  -3.9  390.   7.7   77791.
2022  82 16   -7.0  105.8   0.7  381.   7.7   72196.
2022  82 17   -7.0  105.9   3.7  379.   6.8   57528.
2022  82 18   -7.0  105.9   6.0  377.   3.1   62260.
2022  82 19   -7.0  106.0   5.0  389.   4.1   64698.
2022  82 20   -7.0  106.0   4.2  397.   7.9   65471.
2022  82 21   -7.0  106.0   4.0  403.   9.9   65460.
2022  82 22   -7.0  106.1   3.5  419.  11.2   81546.
2022  82 23   -7.0  106.1   2.8  451.   9.2  153185.
2022  83  0   -7.0  106.2   4.2  442.   7.7  129947.
2022  83  1   -7.0  106.2   4.4  448.   7.1  130560.
2022  83  2   -7.0  106.2   3.8  474.   6.7  155722.
2022  83  3   -7.0  106.3   5.0  476.   6.2  150892.
2022  83  4   -7.0  106.3   4.4  502.   5.3  187777.
2022  83  5   -7.0  106.4   3.8  523.   5.8  207718.
2022  83  6   -7.0  106.4   4.9  518.   5.4  157322.
2022  83  7   -7.0  106.5   5.0  529.   4.2  166919.
2022  83  8   -7.0  106.5   2.5  565.   4.8  278083.
2022  83  9   -7.0  106.5   1.6  567.   4.5  252214.
2022  83 10   -7.0  106.6   2.2  555.   4.4  281572.
2022  83 11   -7.0  106.6   1.2  565.   4.1  253308.
2022  83 12   -6.9  106.7   3.1  560.   3.2  194594.
2022  83 13   -6.9  106.7   2.9  558.   3.1  164033.
2022  83 14   -6.9  106.7   0.7  560.   3.1  160854.
2022  83 15   -6.9  106.8  -0.7  557.   3.0  173387.
2022  83 16   -6.9  106.8  -1.6  551.   3.0  180831.
2022  83 17   -6.9  106.9   1.7  533.   2.8  176062.
2022  83 18   -6.9  106.9   4.0  518.   2.7  159454.
2022  83 19   -6.9  107.0   3.2  515.   2.7  139304.
2022  83 20   -6.9  107.0   3.5  506.   3.0  130384.
2022  83 21   -6.9  107.0   3.6  499.   3.2  148157.
2022  83 22   -6.9  107.1   3.4  497.   3.4  126147.
2022  83 23   -6.9  107.1   4.0  484.   2.9  115658.
2022  84  0   -6.9  107.2   4.0  481.   2.7  108467.
2022  84  1   -6.9  107.2   3.7  473.   2.5  108582.
2022  84  2   -6.9  107.2   3.6  462.   2.2  111578.
2022  84  3   -6.9  107.3   3.3  462.   2.3   96538.
2022  84  4   -6.9  107.3   2.6  466.   2.6  109221.
2022  84  5   -6.9  107.4   0.9  458.   3.1   99903.
2022  84  6   -6.9  107.4   1.7  446.   3.4  102579.
2022  84  7   -6.9  107.5   1.1  446.   3.3   96048.
2022  84  8   -6.9  107.5   0.8  441.   3.5   99123.
2022  84  9   -6.9  107.5   0.1  442.   3.7   87891.
2022  84 10   -6.9  107.6  -1.0  443.   3.8   72044.
2022  84 11   -6.9  107.6  -2.2  448.   3.8   55645.
2022  84 12   -6.9  107.7  -1.5  442.   4.6   72133.
2022  84 13   -6.9  107.7  -1.3  433.   5.3   79363.
2022  84 14   -6.9  107.7  -1.0  439.   5.0   78840.
2022  84 15   -6.9  107.8  -0.4  434.   4.8   72214.
2022  84 16   -6.9  107.8  -1.0  440.   5.3   66855.
2022  84 17   -6.9  107.9   2.2  421.   5.2   64857.
2022  84 18   -6.9  107.9  -0.6  420.   5.7   53626.
2022  84 19   -6.9  107.9  -2.2  422.   5.4   45188.
2022  84 20   -6.9  108.0  -1.5  417.   5.7   54791.
2022  84 21   -6.9  108.0   0.6  412.   5.5   62708.
2022  84 22   -6.9  108.1   3.8  423.   3.7   66248.
2022  84 23   -6.9  108.1   3.6  414.   3.6   64584.
2022  85  0   -6.9  108.2   2.5  404.   4.0   78346.
2022  85  1   -6.9  108.2   3.0  399.   3.8   77316.
2022  85  2   -6.9  108.2   3.4  394.   4.0   68339.
2022  85  3   -6.9  108.3   0.8  396.   4.8   88272.
2022  85  4   -6.9  108.3   1.4  394.   4.8   83849.
2022  85  5   -6.9  108.4   1.1  397.   4.8   80790.
2022  85  6   -6.9  108.4  -0.5  397.   5.0   71512.
2022  85  7   -6.9  108.4  -0.7  397.   5.2   67248.
2022  85  8   -6.9  108.5   1.0  395.   5.8   67999.
2022  85  9   -6.9  108.5   0.9  393.   5.7   67101.
2022  85 10   -6.9  108.6  -1.6  403.   5.4   64000.
2022  85 11   -6.9  108.6  -3.5  410.   5.4   50360.
2022  85 12   -6.9  108.7  -2.8  402.   5.5   47259.
2022  85 13   -6.9  108.7  -3.8  409.   5.9   44423.
2022  85 14   -6.9  108.7  -4.4  411.   7.3   42883.
2022  85 15   -6.9  108.8  -3.6  414.   9.1   49626.
2022  85 16   -6.9  108.8  -1.9  419.  11.0   61124.
2022  85 17   -6.9  108.9  -0.3  434.   9.7   60027.
2022  85 18   -6.9  108.9   0.3  430.   8.9   46369.
2022  85 19   -6.9  108.9   0.7  423.   9.2   40891.
2022  85 20   -6.9  109.0  -3.3  420.  11.6   44435.
2022  85 21   -6.9  109.0  -1.9  418.  10.8   45621.
2022  85 22   -6.9  109.1  -0.5  420.  14.1   54958.
2022  85 23   -6.9  109.1   1.4  422.  13.1   75595.
2022  86  0   -6.9  109.2   2.3  427.  10.8  139898.
2022  86  1   -6.9  109.2   3.3  428.   9.2  140998.
2022  86  2   -6.8  109.2   0.0  435.  12.6  193884.
2022  86  3   -6.8  109.3  -0.2  426.  12.6  185746.
2022  86  4   -6.8  109.3   0.3  418.   9.6  176198.
2022  86  5   -6.8  109.4   0.6  424.   7.6  118583.
2022  86  6   -6.8  109.4   3.2  428.  10.9   97907.
2022  86  7   -6.8  109.4   2.1  454.  10.5  151063.
2022  86  8   -6.8  109.5   2.8  490.   8.0  316950.
2022  86  9   -6.8  109.5   2.0  518.   8.8  380026.
2022  86 10   -6.8  109.6   3.3  506.   7.5  367322.
2022  86 11   -6.8  109.6   2.1  512.   6.6  319896.
2022  86 12   -6.8  109.7   3.3  509.   6.6  368303.
2022  86 13   -6.8  109.7   4.6  512.   5.7  339354.
2022  86 14   -6.8  109.7   3.1  508.   5.0  332143.
2022  86 15   -6.8  109.8   3.9  506.   5.2  306254.
2022  86 16   -6.8  109.8   4.7  522.   6.0  302025.
2022  86 17   -6.8  109.9   3.1  520.   6.2  332863.
2022  86 18   -6.8  109.9   1.6  526.   5.5  291820.
2022  86 19   -6.8  109.9   1.4  512.   5.5  267161.
2022  86 20   -6.8  110.0   2.7  496.   5.5  269263.
2022  86 21   -6.8  110.0   0.5  510.   5.8  267972.
2022  86 22   -6.8  110.1   2.3  491.   6.3  256970.
2022  86 23   -6.8  110.1   0.6  507.   7.4  279586.
2022  87  0   -6.8  110.2   2.5  498.   6.9  272633.
2022  87  1   -6.8  110.2   4.5  510.   5.1  185802.
2022  87  2   -6.8  110.2   2.6  527.   3.4  136509.
2022  87  3   -6.8  110.3   0.9  530.   3.2  128042.
2022  87  4   -6.8  110.3   2.2  525.   3.4  130645.
2022  87  5   -6.8  110.4   1.2  526.   3.2  124146.
2022  87  6   -6.8  110.4  -2.0  548.   3.0   95812.
2022  87  7   -6.8  110.4  -2.0  542.   2.9   79412.
2022  87  8   -6.8  110.5  -2.5  536.   2.9   69017.
2022  87  9   -6.8  110.5  -2.5  541.   2.8   68376.
2022  87 10   -6.8  110.6  -3.4  545.   2.5   61579.
2022  87 11   -6.8  110.6  -3.7  540.   2.6   59666.
2022  87 12   -6.8  110.6  -3.2  528.   2.6   54409.
2022  87 13   -6.8  110.7  -2.4  512.   2.5   52499.
2022  87 14   -6.8  110.7  -1.6  493.   2.7   48435.
2022  87 15   -6.8  110.8  -1.6  483.   3.6   51111.
2022  87 16   -6.8  110.8  -2.4  473.   3.4   50105.
2022  87 17   -6.8  110.9  -2.1  465.   3.0   43978.
2022  87 18   -6.8  110.9   0.6  449.   4.8   49717.
2022  87 19   -6.8  110.9  -0.2  445.   4.9   47962.
2022  87 20   -6.8  111.0  -0.4  440.   5.4   48151.
2022  87 21   -6.8  111.0  -0.5  442.   5.6   50281.
2022  87 22   -6.8  111.1  -0.2  437.   5.9   50051.
2022  87 23   -6.8  111.1  -0.4  432.   6.3   50396.
2022  88  0   -6.8  111.1  -0.7  433.   6.7   50105.
2022  88  1   -6.8  111.2   0.8  426.   6.9   51866.
2022  88  2   -6.8  111.2  -2.4  434.   6.3   38649.
2022  88  3   -6.8  111.3  -2.2  428.   6.6   38479.
2022  88  4   -6.8  111.3   1.4  417.   5.6   31496.
2022  88  5   -6.8  111.4   0.8  412.   6.1   39002.
2022  88  6   -6.8  111.4  -0.6  417.   6.4   50825.
2022  88  7   -6.8  111.4  -1.8  425.   6.8   38288.
2022  88  8   -6.8  111.5  -1.4  422.   6.0   35391.
2022  88  9   -6.7  111.5  -0.1  409.   6.8   46031.
2022  88 10   -6.7  111.6   0.8  406.   7.6   42270.
2022  88 11   -6.7  111.6   0.8  406.   7.3   57972.
2022  88 12   -6.7  111.6   1.7  408.   6.7   87365.
2022  88 13   -6.7  111.7  -1.7  418.   6.5   77735.
2022  88 14   -6.7  111.7  -1.9  420.   6.9   80213.
2022  88 15   -6.7  111.8   0.7  414.   7.0   74652.
2022  88 16   -6.7  111.8  -0.2  417.   7.0   61095.
2022  88 17   -6.7  111.8   0.7  414.   7.2   59164.
2022  88 18   -6.7  111.9   1.9  413.   6.5   51691.
2022  88 19   -6.7  111.9   3.2  413.   5.1   45009.
2022  88 20   -6.7  112.0   2.9  411.   5.0   51521.
2022  88 21   -6.7  112.0   2.6  415.   4.9   60336.
2022  88 22   -6.7  112.1   2.3  407.   4.6   52299.
2022  88 23   -6.7  112.1   2.7  404.   4.1   46999.
2022  89  0   -6.7  112.1   1.9  401.   4.4   47554.
2022  89  1   -6.7  112.2   0.1  408.   4.3   52353.
2022  89  2   -6.7  112.2  -2.1  411.   4.4   38509.
2022  89  3   -6.7  112.3  -2.1  412.   4.3   31807.
2022  89  4   -6.7  112.3  -1.7  408.   4.4   43747.
2022  89  5   -6.7  112.3   0.9  393.   5.0   41483.
2022  89  6   -6.7  112.4   1.6  391.   5.1   37832.
2022  89  7   -6.7  112.4  -1.5  397.   5.0   33389.
2022  89  8   -6.7  112.5  -2.5  400.   4.9   28221.
2022  89  9   -6.7  112.5  -2.5  406.   6.4   36102.
2022  89 10   -6.7  112.6  -0.0  398.   6.3   47107.
2022  89 11   -6.7  112.6  -0.7  403.   5.6   40941.
2022  89 12   -6.7  112.6   0.3  397.   5.6   37115.
2022  89 13   -6.7  112.7   1.4  386.   4.8   25714.
2022  89 14   -6.7  112.7   2.3  378.   4.6   19575.
2022  89 15   -6.7  112.8   1.7  385.   4.9   19212.
2022  89 16   -6.7  112.8   1.6  383.   5.2   15615.
2022  89 17   -6.7  112.8   1.8  380.   6.6   23478.
2022  89 18   -6.7  112.9   1.6  383.   8.3   21295.
2022  89 19   -6.7  112.9  -0.9  385.   9.3   31065.
2022  89 20   -6.7  113.0  -2.3  390.   9.0   40439.
2022  89 21   -6.7  113.0  -1.9  388.   7.0   41904.
2022  89 22   -6.7  113.1  -1.5  395.   7.4   41271.
2022  89 23   -6.7  113.1   0.2  403.   9.1   43012.
2022  90  0   -6.7  113.1  -1.0  408.  10.0   26963.
2022  90  1   -6.7  113.2   0.5  409.   8.5   68787.
2022  90  2   -6.7  113.2   0.2  481.  27.2  166670.
2022  90  3   -6.7  113.3  -0.1  501.  32.4  251979.
2022  90  4   -6.7  113.3   4.6  504.  29.4  196730.
2022  90  5   -6.7  113.3   5.5  541.  11.8  430242.
2022  90  6   -6.7  113.4  -1.9  551.   7.2  426748.
2022  90  7   -6.7  113.4   4.3  594.   8.3  316823.
2022  90  8   -6.7  113.5  -0.0  577.   8.6  294335.
2022  90  9   -6.7  113.5   1.1  584.   9.0  317453.
2022  90 10   -6.7  113.5   4.3  592.  11.9  302430.
2022  90 11   -6.6  113.6   8.3  595.  13.5  206513.
2022  90 12   -6.6  113.6   7.4  578.   7.3  245741.
2022  90 13   -6.6  113.7  10.6  528.   8.4   42047.
2022  90 14   -6.6  113.7  10.8  525.  14.1   92328.
2022  90 15   -6.6  113.8  10.1  541.   8.3   35984.
2022  90 16   -6.6  113.8  10.9  524.   4.1   31937.
2022  90 17   -6.6  113.8  10.7  511.   5.0   31388.
2022  90 18   -6.6  113.9  11.4  503.   3.8   19516.
2022  90 19   -6.6  113.9  12.4  503.   6.0   14396.
2022  90 20   -6.6  114.0  15.3  499.   6.6   21066.
2022  90 21   -6.6  114.0  15.9  503.   6.2   11573.
2022  90 22   -6.6  114.0  14.4  493.   6.1   14160.
2022  90 23   -6.6  114.1  14.8  484.   5.3   21103.
2022  91  0   -6.6  114.1  13.7  471.   5.3   11997.
2022  91  1   -6.6  114.2  12.0  471.   5.4   12513.
2022  91  2   -6.6  114.2   9.7  489.   1.5   10513.
2022  91  3   -6.6  114.3   7.6  494.   1.4    8179.
2022  91  4   -6.6  114.3   5.9  472.   3.1   11405.
2022  91  5   -6.6  114.3   5.0  464.   2.9   17304.
2022  91  6   -6.6  114.4   0.9  444.   2.4   16717.
2022  91  7   -6.6  114.4   0.4  430.   2.3   12861.
2022  91  8   -6.6  114.5   1.2  448.   2.0   12747.
2022  91  9   -6.6  114.5   3.2  469.   2.1   15206.
2022  91 10   -6.6  114.5   3.9  465.   2.7   10422.
2022  91 11   -6.6  114.6   4.0  457.   6.6   31091.
2022  91 12   -6.6  114.6   3.0  450.   7.3   74310.
2022  91 13   -6.6  114.7  -4.1  467.   4.0  139707.
2022  91 14   -6.6  114.7  -4.6  460.   1.8  236011.
2022  91 15   -6.6  114.7  -0.3  495.   1.9  242328.
2022  91 16   -6.6  114.8  -4.3  439.   2.1  211727.
2022  91 17   -6.6  114.8  -3.8  432.   1.9  187840.
2022  91 18   -6.6  114.9  -3.4  436.   1.8  213225.
2022  91 19   -6.6  114.9  -2.8  451.   1.6  148595.
2022  91 20   -6.6  115.0  -2.8  460.   1.4  129816.
2022  91 21   -6.6  115.0  -1.9  477.   1.4  117418.
2022  91 22   -6.6  115.0  -3.8  450.   1.6  125402.
2022  91 23   -6.6  115.1  -4.3  454.   1.4   81597.
2022  92  0   -6.6  115.1  -3.8  473.   1.5  152006.
2022  92  1   -6.6  115.2  -0.5  552.   4.4  315880.
2022  92  2   -6.6  115.2  -0.3  570.   5.8  309688.
2022  92  3   -6.6  115.2  -3.6  556.   4.9  245337.
2022  92  4   -6.6  115.3  -2.2  568.   3.7  227600.
2022  92  5   -6.6  115.3  -1.8  559.   3.4  195477.
2022  92  6   -6.6  115.4  -0.3  566.   3.0  228267.
2022  92  7   -6.6  115.4  -2.9  553.   2.8  303823.
2022  92  8   -6.6  115.4  -1.8  559.   2.8  299225.
2022  92  9   -6.6  115.5  -1.1  553.   2.6  294753.
2022  92 10   -6.5  115.5  -0.9  552.   2.3  231095.
2022  92 11   -6.5  115.6  -0.3  555.   2.0  199532.
2022  92 12   -6.5  115.6  -0.5  557.   2.0  211332.
2022  92 13   -6.5  115.7   0.2  572.   2.2  218436.
2022  92 14   -6.5  115.7  -0.5  564.   2.1  244318.
2022  92 15   -6.5  115.7   0.7  570.   1.9  249011.
2022  92 16   -6.5  115.8  -2.2  549.   2.2  228348.
2022  92 17   -6.5  115.8  -2.8  542.   2.2  187857.
2022  92 18   -6.5  115.9  -0.9  552.   2.1  169188.
2022  92 19   -6.5  115.9  -0.2  556.   1.8  153200.
2022  92 20   -6.5  115.9   1.3  562.   1.9  161548.
2022  92 21   -6.5  116.0  -1.6  535.   1.9  177170.
2022  92 22   -6.5  116.0  -3.8  520.   1.4  152000.
2022  92 23   -6.5  116.1  -3.3  519.   1.6  115132.
2022  93  0   -6.5  116.1  -3.6  510.   1.4   94491.
2022  93  1   -6.5  116.2  -3.1  502.   1.8  118316.
2022  93  2   -6.5  116.2  -4.8  488.   1.8   95874.
2022  93  3   -6.5  116.2  -2.8  498.   2.1  108953.
2022  93  4   -6.5  116.3  -1.4  499.   2.2  109091.
2022  93  5   -6.5  116.3  -3.3  482.   2.3  111095.
2022  93  6   -6.5  116.4  -4.3  473.   2.3  109913.
2022  93  7   -6.5  116.4  -4.7  469.   2.2  102416.
2022  93  8   -6.5  116.4  -5.6  475.   2.8  113639.
2022  93  9   -6.5  116.5  -4.5  476.   2.7   99696.
2022  93 10   -6.5  116.5  -3.5  477.   3.2  107895.
2022  93 11   -6.5  116.6  -4.2  472.   3.2  102930.
2022  93 12   -6.5  116.6  -5.0  461.   3.0  104936.
2022  93 13   -6.5  116.6  -5.0  451.   2.8  106303.
2022  93 14   -6.5  116.7  -2.4  477.   3.5  110144.
2022  93 15   -6.5  116.7   4.0  511.   3.2   79726.
2022  93 16   -6.5  116.8   4.0  500.   2.8   52180.
2022  93 17   -6.5  116.8   3.7  496.   2.9   65558.
2022  93 18   -6.5  116.9   4.4  492.   3.3   63811.
2022  93 19   -6.5  116.9   2.3  480.   3.3   65627.
2022  93 20   -6.5  116.9   3.4  483.   3.1   63994.
2022  93 21   -6.5  117.0   3.3  476.   3.4   92643.
2022  93 22   -6.5  117.0   2.1  468.   3.7   89187.
2022  93 23   -6.5  117.1   0.0  462.   3.2  116668.
