2015 168  0    1.1  188.4   3.2  520.   4.9  197986.
2015 168  1    1.1  188.4   2.2  524.   4.6  212532.
2015 168  2    1.1  188.4   0.7  530.   4.2  187620.
2015 168  3    1.1  188.5   3.4  506.   4.3  188773.
2015 168  4    1.1  188.5  -1.6  533.   3.3  135737.
2015 168  5    1.1  188.6   0.9  504.   3.1  119844.
2015 168  6    1.1  188.6  -1.5  511.   2.6   89607.
2015 168  7    1.1  188.6  -1.3  511.   2.8   88816.
2015 168  8    1.1  188.7  -1.8  513.   2.8   79432.
2015 168  9    1.1  188.7  -0.8  494.   3.4   69647.
2015 168 10    1.1  188.8  -2.0  503.   4.6   44499.
2015 168 11    1.1  188.8  -1.1  493.   3.6   61113.
2015 168 12    1.1  188.8   0.3  477.   3.4   53134.
2015 168 13    1.1  188.9  -0.1  473.   3.0   55921.
2015 168 14    1.1  188.9  -0.9  476.   2.7   60646.
2015 168 15    1.1  189.0   0.7  467.   3.6   72610.
2015 168 16    1.1  189.0   1.3  472.   3.3   61374.
2015 168 17    1.1  189.0   1.3  469.   3.1   58083.
2015 168 18    1.2  189.1   2.4  453.   3.0   66924.
2015 168 19    1.2  189.1   1.9  456.   2.8   62534.
2015 168 20    1.2  189.2   0.5  469.   2.6   58042.
2015 168 21    1.2  189.2   1.9  453.   2.8   63327.
2015 168 22    1.2  189.2   2.3  440.   2.8   70746.
2015 168 23    1.2  189.3   1.9  444.   2.7   60021.
2015 169  0    1.2  189.3   2.4  436.   2.6   85941.
2015 169  1    1.2  189.4   2.2  447.   3.1   68353.
2015 169  2    1.2  189.4   1.9  444.   3.1   58986.
2015 169  3    1.2  189.4   3.5  433.   3.2   64469.
2015 169  4    1.2  189.5   3.0  438.   3.2   51889.
2015 169  5    1.2  189.5   3.5  430.   3.0   60027.
2015 169  6    1.2  189.6   3.3  428.   2.9   51352.
2015 169  7    1.2  189.6   3.5  428.   3.1   59766.
2015 169  8    1.2  189.6   3.7  423.   2.8   60225.
2015 169  9    1.2  189.7   4.2  424.   2.8   56291.
2015 169 10    1.2  189.7   4.2  422.   2.7   68127.
2015 169 11    1.2  189.8   3.4  423.   2.5   51078.
2015 169 12    1.2  189.8   3.1  417.   2.6   58295.
2015 169 13    1.2  189.8   3.2  416.   2.8   60901.
2015 169 14    1.2  189.9   3.2  412.   2.6   68204.
2015 169 15    1.3  189.9   3.3  410.   2.0   49411.
2015 169 16    1.3  189.9   3.7  406.   1.9   42961.
2015 169 17    1.3  190.0   2.6  413.   2.0   52932.
2015 169 18    1.3  190.0   2.7  410.   2.1   61995.
2015 169 19    1.3  190.1   0.8  422.   2.0   54529.
2015 169 20    1.3  190.1   0.4  423.   2.0   49611.
2015 169 21    1.3  190.1   0.2  422.   1.9   45560.
2015 169 22    1.3  190.2   0.5  418.   2.2   65962.
2015 169 23    1.3  190.2   2.4  403.   2.5   90792.
2015 170  0    1.3  190.3   1.3  411.   2.3   85739.
2015 170  1    1.3  190.3   1.9  404.   2.4   92904.
2015 170  2    1.3  190.3   3.0  394.   2.6   90506.
2015 170  3    1.3  190.4   3.2  394.   2.6   97799.
2015 170  4    1.3  190.4   3.0  392.   2.4  105803.
2015 170  5    1.3  190.5   3.2  388.   2.3   98943.
2015 170  6    1.3  190.5   3.2  388.   2.2  110396.
2015 170  7    1.3  190.5   3.1  385.   1.9   74358.
2015 170  8    1.3  190.6   1.6  373.   3.0   45591.
2015 170  9    1.3  190.6   2.4  372.   2.5   52022.
2015 170 10    1.3  190.7   3.3  360.   2.9   34937.
2015 170 11    1.4  190.7   3.1  360.   2.7   29104.
2015 170 12    1.4  190.7   1.9  366.   2.5   27040.
2015 170 13    1.4  190.8   2.5  355.   2.1   21192.
2015 170 14    1.4  190.8   2.6  351.   2.2   23880.
2015 170 15    1.4  190.9   2.1  350.   2.2   24350.
2015 170 16    1.4  190.9   1.1  355.   2.3   20263.
2015 170 17    1.4  190.9   1.8  348.   2.2   21107.
2015 170 18    1.4  191.0   2.9  337.   3.0   43353.
2015 170 19    1.4  191.0   2.6  343.   2.4   27793.
2015 170 20    1.4  191.1   2.8  339.   2.4   26086.
2015 170 21    1.4  191.1   2.2  345.   2.8   28128.
2015 170 22    1.4  191.1   2.3  332.   3.1   28667.
2015 170 23    1.4  191.2   3.8  316.   2.6   25679.
2015 171  0    1.4  191.2   3.5  313.   3.1   22099.
2015 171  1    1.4  191.3   1.7  318.   2.9   20432.
2015 171  2    1.4  191.3   2.0  314.   2.9   22339.
2015 171  3    1.4  191.3   3.5  307.   3.0   22610.
2015 171  4    1.4  191.4   2.1  318.   3.3   17888.
2015 171  5    1.4  191.4   2.5  310.   3.6   18691.
2015 171  6    1.4  191.4   3.2  302.   3.5   18074.
2015 171  7    1.5  191.5   1.3  315.   3.8   20414.
2015 171  8    1.5  191.5   3.6  307.   2.9   25330.
2015 171  9    1.5  191.6   4.3  304.   2.6   33744.
2015 171 10    1.5  191.6   4.2  296.   2.8   28806.
2015 171 11    1.5  191.6   4.2  302.   2.6   23942.
2015 171 12    1.5  191.7   4.4  297.   2.8   24882.
2015 171 13    1.5  191.7   4.3  297.   2.6   18662.
2015 171 14    1.5  191.8   4.3  294.   2.8   18860.
2015 171 15    1.5  191.8   4.4  290.   2.8   19682.
2015 171 16    1.5  191.8   4.6  298.   3.4   18813.
2015 171 17    1.5  191.9   4.6  291.   3.1   18161.
2015 171 18    1.5  191.9   4.5  289.   3.6   20955.
2015 171 19    1.5  192.0   4.1  283.   4.2   17773.
2015 171 20    1.5  192.0   3.5  282.   5.1   17478.
2015 171 21    1.5  192.0   1.3  297.   6.2   13790.
2015 171 22    1.5  192.1   0.2  301.   6.7   11942.
2015 171 23    1.5  192.1  -1.0  307.   7.3   14427.
2015 172  0    1.5  192.2  -0.9  305.   8.3   14672.
2015 172  1    1.5  192.2   3.0  287.   7.2   11815.
2015 172  2    1.5  192.2   3.6  290.   7.2    8459.
2015 172  3    1.5  192.3   2.6  298.   8.1    8942.
2015 172  4    1.6  192.3   1.8  297.   9.2   12240.
2015 172  5    1.6  192.4   2.5  295.   8.9   14553.
2015 172  6    1.6  192.4   3.4  286.   8.3   13631.
2015 172  7    1.6  192.4   2.0  294.  10.3   12172.
2015 172  8    1.6  192.5   2.5  287.  10.3   11607.
2015 172  9    1.6  192.5   1.9  284.  10.6   11347.
2015 172 10    1.6  192.6   1.4  281.  10.8   10194.
2015 172 11    1.6  192.6   1.3  279.  11.2    8856.
2015 172 12    1.6  192.6   0.9  283.  10.8   11283.
2015 172 13    1.6  192.7   1.5  283.  11.5   10969.
2015 172 14    1.6  192.7   1.5  282.  11.8   10612.
2015 172 15    1.6  192.8   1.5  282.  12.5   10820.
2015 172 16    1.6  192.8   1.6  284.  14.9   11314.
2015 172 17    1.6  192.8   0.5  333.  38.7   34082.
2015 172 18    1.6  192.9  -5.4  346.  38.5   37186.
2015 172 19    1.6  192.9  -4.9  342.  44.8   43058.
2015 172 20    1.6  192.9  -3.9  340.  33.0   44378.
2015 172 21    1.6  193.0  -4.4  342.  34.1   48123.
2015 172 22    1.6  193.0   6.4  350.  25.1   55733.
2015 172 23    1.6  193.1   6.7  340.  15.6   64067.
2015 173  0    1.7  193.1   7.9  338.  12.9   74005.
2015 173  1    1.7  193.1   6.6  349.  11.0   83892.
2015 173  2    1.7  193.2   6.9  344.  10.5   80048.
2015 173  3    1.7  193.2   7.0  346.  10.6   79382.
2015 173  4    1.7  193.3   6.8  346.  10.2   82482.
2015 173  5    1.7  193.3   4.9  360.  11.4   91278.
2015 173  6    1.7  193.3   8.0  413.  26.9  186329.
2015 173  7    1.7  193.4   6.6  423.  24.3  198279.
2015 173  8    1.7  193.4   5.9  420.  23.0  213759.
2015 173  9    1.7  193.5   5.8  419.  21.6  236826.
2015 173 10    1.7  193.5   6.9  402.  19.0  310862.
2015 173 11    1.7  193.5   6.3  426.  17.8  315133.
2015 173 12    1.7  193.6   6.6  432.  17.3  291653.
2015 173 13    1.7  193.6   8.0  418.  16.0  301819.
2015 173 14    1.7  193.7   2.4  434.  14.7  229075.
2015 173 15    1.7  193.7   2.9  431.  13.1  196850.
2015 173 16    1.7  193.7   2.6  436.  13.0  183615.
2015 173 17    1.7  193.8   0.6  446.  13.1  192133.
2015 173 18    1.7  193.8   1.4  515.  24.4  456400.
2015 173 19    1.7  193.9  -1.9  675.  49.9  716994.
2015 173 20    1.8  193.9  22.4  630.  47.0  413808.
2015 173 21    1.8  193.9  12.6  648.  37.2 1265681.
2015 173 22    1.8  194.0   3.9  658.  39.2  949021.
2015 173 23    1.8  194.0   2.4  653.  30.4  925958.
2015 174  0    1.8  194.1  -0.7  655.  24.3 1034392.
2015 174  1    1.8  194.1   5.2  714.  11.1  662221.
2015 174  2    1.8  194.1  -2.7  725.   6.3  316340.
2015 174  3    1.8  194.2  -6.8  742.   3.6  245464.
2015 174  4    1.8  194.2  -7.5  703.   2.7  218075.
2015 174  5    1.8  194.3  -3.8  685.   3.1  252696.
2015 174  6    1.8  194.3  10.9  658.   2.2  233687.
2015 174  7    1.8  194.3   1.3  633.   3.3  835874.
2015 174  8    1.8  194.4  -9.7  663.   1.3  243141.
2015 174  9    1.8  194.4 -11.0  641.   0.3  294321.
2015 174 10    1.8  194.4  -9.0  643.   0.3  181151.
2015 174 11    1.8  194.5  -7.1  642.   0.6  217251.
2015 174 12    1.8  194.5   2.5  578.   3.7  729009.
2015 174 13    1.8  194.6  -1.2  577.   4.4  502739.
2015 174 14    1.8  194.6  -5.8  588.   4.6  203892.
2015 174 15    1.8  194.6  -6.3  591.   1.9  106816.
2015 174 16    1.8  194.7  -3.9  599.   1.6  177455.
2015 174 17    1.9  194.7  -5.6  583.   1.4   92519.
2015 174 18    1.9  194.8  -6.4  575.   2.8   46330.
2015 174 19    1.9  194.8  -1.2  576.   5.0  120022.
2015 174 20    1.9  194.8  -5.2  581.   1.8   55762.
2015 174 21    1.9  194.9  -4.9  559.   1.8   62763.
2015 174 22    1.9  194.9  -6.4  549.   1.2   69607.
2015 174 23    1.9  195.0  -3.3  560.   1.2   88634.
2015 175  0    1.9  195.0   4.5  591.   1.6   32768.
2015 175  1    1.9  195.0   4.1  581.   1.2   43436.
2015 175  2    1.9  195.1   3.9  595.   1.2   60114.
2015 175  3    1.9  195.1   3.1  602.   1.2   63021.
2015 175  4    1.9  195.2   3.7  585.   1.2   78574.
2015 175  5    1.9  195.2   4.2  579.   1.4   95014.
2015 175  6    1.9  195.2   3.7  577.   1.4  108619.
2015 175  7    1.9  195.3   4.4  560.   1.2   68655.
2015 175  8    1.9  195.3   4.4  559.   1.2   70228.
2015 175  9    1.9  195.4   5.1  542.   1.3   77844.
2015 175 10    1.9  195.4   3.8  545.   1.3   64586.
2015 175 11    1.9  195.4   4.0  549.   1.2   60244.
2015 175 12    1.9  195.5   4.1  552.   0.9   42390.
2015 175 13    1.9  195.5   5.1  610.   1.6  110657.
2015 175 14    2.0  195.6   4.3  731.   3.7  333214.
2015 175 15    2.0  195.6   6.5  703.   3.9  338036.
2015 175 16    2.0  195.6   5.9  706.   4.0  355213.
2015 175 17    2.0  195.7   7.0  693.   2.8  315146.
2015 175 18    2.0  195.7   7.3  683.   2.8  321867.
2015 175 19    2.0  195.8   8.2  660.   5.3  188011.
2015 175 20    2.0  195.8   7.7  645.   4.2  189272.
2015 175 21    2.0  195.8   6.9  637.   3.0  228265.
2015 175 22    2.0  195.9   7.1  622.   2.6  377593.
2015 175 23    2.0  195.9   9.1  602.   2.8  184639.
2015 176  0    2.0  195.9   8.2  605.   3.4  427880.
2015 176  1    2.0  196.0   6.7  621.   5.6  441950.
2015 176  2    2.0  196.0   1.4  623.   6.5  165231.
2015 176  3    2.0  196.1   4.3  594.   6.6  149458.
2015 176  4    2.0  196.1   4.7  586.   6.5  169349.
2015 176  5    2.0  196.1   5.1  595.   6.6  184249.
2015 176  6    2.0  196.2   2.9  621.   7.3  213514.
2015 176  7    2.0  196.2  -3.4  654.   6.1  188656.
2015 176  8    2.0  196.3   1.0  644.   6.4  182220.
2015 176  9    2.0  196.3  -1.0  665.   5.4  112303.
2015 176 10    2.1  196.3   3.8  641.   3.5   53624.
2015 176 11    2.1  196.4   5.9  636.   4.0   30868.
2015 176 12    2.1  196.4  -0.4  630.   8.4   82226.
2015 176 13    2.1  196.5   1.2  617.   7.4   79555.
2015 176 14    2.1  196.5   0.2  599.   5.0  108773.
2015 176 15    2.1  196.5  -0.2  593.   3.1   98817.
2015 176 16    2.1  196.6  -0.8  593.   2.6   56986.
2015 176 17    2.1  196.6  -1.4  585.   2.3   43160.
2015 176 18    2.1  196.7   0.2  559.   2.4   39513.
2015 176 19    2.1  196.7  -1.8  571.   2.1   55084.
2015 176 20    2.1  196.7  -2.8  558.   2.1   36063.
2015 176 21    2.1  196.8  -2.8  551.   2.5   41625.
2015 176 22    2.1  196.8  -2.8  548.   2.0   48009.
2015 176 23    2.1  196.9  -2.6  535.   1.6   48025.
2015 177  0    2.1  196.9  -2.8  525.   1.4   43517.
2015 177  1    2.1  196.9  -3.8  519.   0.9   31432.
2015 177  2    2.1  197.0  -4.2  518.   0.8   28914.
2015 177  3    2.1  197.0  -4.1  509.   0.9   29048.
2015 177  4    2.1  197.1  -4.4  511.   1.1   30620.
2015 177  5    2.1  197.1  -4.4  505.   1.1   28731.
2015 177  6    2.1  197.1  -2.6  514.   1.7   39983.
2015 177  7    2.2  197.2   2.5  537.   1.8   80311.
2015 177  8    2.2  197.2  -0.6  561.   2.0   72132.
2015 177  9    2.2  197.3   2.5  547.   1.5   96876.
2015 177 10    2.2  197.3   3.3  563.   1.2  139286.
2015 177 11    2.2  197.3   4.0  557.   1.0  234933.
2015 177 12    2.2  197.4   4.5  563.   0.8  161851.
2015 177 13    2.2  197.4   4.7  553.   1.1  114077.
2015 177 14    2.2  197.4   4.4  524.   1.4  102406.
2015 177 15    2.2  197.5   4.4  519.   2.2   82853.
2015 177 16    2.2  197.5   4.5  513.   2.5   64586.
2015 177 17    2.2  197.6   4.2  499.   1.9   68309.
2015 177 18    2.2  197.6   4.4  496.   2.2   66678.
2015 177 19    2.2  197.6   4.7  496.   2.4   72269.
2015 177 20    2.2  197.7   4.6  486.   2.2   65466.
2015 177 21    2.2  197.7   4.1  467.   4.4   66667.
2015 177 22    2.2  197.8   4.2  467.   5.2   59992.
2015 177 23    2.2  197.8   4.2  473.   3.6   37312.
2015 178  0    2.2  197.8   4.4  478.   2.5   23978.
2015 178  1    2.2  197.9   4.4  465.   2.6   56222.
2015 178  2    2.2  197.9   5.1  474.   2.0   40241.
2015 178  3    2.2  198.0   8.6  496.   2.9   93467.
2015 178  4    2.3  198.0   7.6  592.   1.1 1161753.
2015 178  5    2.3  198.0   8.3  792.   0.7 1278695.
2015 178  6    2.3  198.1  10.1  807.   0.6  939337.
2015 178  7    2.3  198.1   7.5  693.   1.4 1463660.
2015 178  8    2.3  198.2   8.4  763.   0.8 1029219.
2015 178  9    2.3  198.2   7.2  781.   0.7  777917.
2015 178 10    2.3  198.2   5.8  722.   0.8  952917.
2015 178 11    2.3  198.3   7.3  695.   0.3  397170.
2015 178 12    2.3  198.3   6.8  650.   0.4  690424.
2015 178 13    2.3  198.4   3.5  588.   1.0  818171.
2015 178 14    2.3  198.4   0.7  583.   1.7  593217.
2015 178 15    2.3  198.4   1.7  550.   1.9  497924.
2015 178 16    2.3  198.5   2.5  543.   1.8  939050.
2015 178 17    2.3  198.5   4.0  578.   1.4  810525.
2015 178 18    2.3  198.6   6.0  602.   0.9  575468.
2015 178 19    2.3  198.6   7.1  508.   0.9  513727.
2015 178 20    2.3  198.6   6.6  475.   1.7  194032.
2015 178 21    2.3  198.7   5.4  451.   2.0  188606.
2015 178 22    2.3  198.7  -3.6  490.   2.1  175068.
2015 178 23    2.3  198.8  -1.7  478.   1.5  132983.
2015 179  0    2.3  198.8  -3.1  489.   2.0   77386.
2015 179  1    2.4  198.8  -5.5  506.   2.2   32242.
2015 179  2    2.4  198.9  -5.1  509.   2.8   37894.
2015 179  3    2.4  198.9  -5.2  505.   2.7   42114.
2015 179  4    2.4  198.9  -3.3  485.   2.8   41233.
2015 179  5    2.4  199.0  -0.6  469.   2.0  237750.
2015 179  6    2.4  199.0   1.0  460.   1.5  324152.
2015 179  7    2.4  199.1   1.0  473.   1.3  431467.
2015 179  8    2.4  199.1  -0.6  461.   1.2  470537.
2015 179  9    2.4  199.1   0.4  473.   1.1  452873.
2015 179 10    2.4  199.2  -0.1  483.   0.8  530041.
2015 179 11    2.4  199.2   0.8  471.   1.0  168601.
2015 179 12    2.4  199.3   1.0  442.   1.0   68601.
2015 179 13    2.4  199.3   1.9  443.   1.3   89267.
2015 179 14    2.4  199.3   1.1  449.   1.8   44326.
2015 179 15    2.4  199.4   1.3  450.   1.9   30449.
2015 179 16    2.4  199.4   1.5  442.   2.3   28733.
2015 179 17    2.4  199.5   0.8  437.   2.7   26212.
2015 179 18    2.4  199.5   2.4  436.   3.3   37663.
2015 179 19    2.4  199.5   2.7  418.   3.6   40070.
2015 179 20    2.4  199.6   1.8  417.   4.3   47887.
2015 179 21    2.4  199.6   3.7  406.   3.6   65802.
2015 179 22    2.5  199.7   4.7  400.   3.9   75652.
2015 179 23    2.5  199.7   5.3  397.   3.8   91761.
2015 180  0    2.5  199.7   4.1  407.   3.5   82147.
2015 180  1    2.5  199.8   4.1  406.   3.6   70492.
2015 180  2    2.5  199.8   2.0  419.   3.4   36733.
2015 180  3    2.5  199.9   1.7  424.   3.9   36989.
2015 180  4    2.5  199.9   0.7  429.   3.7   56350.
2015 180  5    2.5  199.9   1.9  413.   3.4   53955.
2015 180  6    2.5  200.0   2.3  409.   3.9   76186.
2015 180  7    2.5  200.0  -0.4  413.   3.8   87560.
2015 180  8    2.5  200.1   1.8  397.   4.3  112601.
2015 180  9    2.5  200.1   2.8  397.   4.2   93116.
2015 180 10    2.5  200.1   1.4  407.   5.1   90371.
2015 180 11    2.5  200.2  -3.3  430.   6.1  122026.
2015 180 12    2.5  200.2   0.8  409.   5.8   89640.
2015 180 13    2.5  200.3   0.7  401.   5.3   76688.
2015 180 14    2.5  200.3   1.3  394.   4.0   68320.
2015 180 15    2.5  200.3   2.3  388.   3.9   64791.
2015 180 16    2.5  200.4   3.2  384.   3.9   62555.
2015 180 17    2.5  200.4   2.9  398.   2.3   50323.
2015 180 18    2.5  200.4   1.6  401.   1.9   46021.
2015 180 19    2.5  200.5   3.0  382.   2.4   58827.
2015 180 20    2.6  200.5   2.9  370.   3.4   70671.
2015 180 21    2.6  200.6  -0.2  395.   3.2   57725.
2015 180 22    2.6  200.6   0.5  383.   3.4   47089.
2015 180 23    2.6  200.6   0.8  387.   3.5   53169.
2015 181  0    2.6  200.7   2.1  375.   3.4   52610.
2015 181  1    2.6  200.7   0.8  387.   3.6   58744.
2015 181  2    2.6  200.8   1.4  384.   2.8   37696.
2015 181  3    2.6  200.8   2.5  377.   2.4   32089.
2015 181  4    2.6  200.8   2.7  376.   2.4   32282.
2015 181  5    2.6  200.9   0.2  394.   5.6   31319.
2015 181  6    2.6  200.9   1.8  399.   8.7   22014.
2015 181  7    2.6  201.0   2.1  404.   7.5   26713.
2015 181  8    2.6  201.0   2.8  412.   7.1   22392.
2015 181  9    2.6  201.0   1.5  402.   8.9   26662.
2015 181 10    2.6  201.1   1.6  396.   8.7   21852.
2015 181 11    2.6  201.1   2.2  389.   7.5   13650.
2015 181 12    2.6  201.2   1.8  384.   8.3   15147.
2015 181 13    2.6  201.2   0.6  378.   9.7   18281.
2015 181 14    2.6  201.2   0.9  375.  10.0   21031.
2015 181 15    2.6  201.3  -0.3  370.  10.6   20332.
2015 181 16    2.6  201.3  -1.5  363.  12.6   16909.
2015 181 17    2.7  201.4  -0.9  360.  13.7   14452.
2015 181 18    2.7  201.4  -0.5  362.  19.1   15281.
2015 181 19    2.7  201.4   0.7  362.  18.5   17687.
2015 181 20    2.7  201.5  -0.4  363.  17.1   19223.
2015 181 21    2.7  201.5   0.4  364.  16.4   21367.
2015 181 22    2.7  201.6  -0.2  363.  11.5   24228.
2015 181 23    2.7  201.6   0.8  366.   8.4   33843.
2015 182  0    2.7  201.6   0.9  366.   8.8   32210.
2015 182  1    2.7  201.7   0.1  370.   9.0   35808.
2015 182  2    2.7  201.7   0.6  372.  10.2   45031.
2015 182  3    2.7  201.8   0.5  378.  10.3   39515.
2015 182  4    2.7  201.8   0.1  376.   9.4   36754.
2015 182  5    2.7  201.8   1.0  370.   9.2   36076.
2015 182  6    2.7  201.9   2.1  368.   7.2   37646.
2015 182  7    2.7  201.9   1.6  367.   7.3   35884.
2015 182  8    2.7  201.9   3.2  368.   6.5   78556.
2015 182  9    2.7  202.0   1.8  381.   6.4   74597.
2015 182 10    2.7  202.0   1.9  382.   6.0   96827.
2015 182 11    2.7  202.1   2.1  395.   5.1  120925.
2015 182 12    2.7  202.1   3.6  409.   4.4  123559.
2015 182 13    2.7  202.1   2.0  415.   4.2  114926.
2015 182 14    2.8  202.2   1.5  423.   4.4  117355.
2015 182 15    2.8  202.2   1.4  419.   4.2  102493.
2015 182 16    2.8  202.3   2.1  410.   4.2  104478.
2015 182 17    2.8  202.3   3.5  402.   4.2   90460.
2015 182 18    2.8  202.3   2.2  406.   4.2  134239.
2015 182 19    2.8  202.4   2.7  401.   4.4  145238.
2015 182 20    2.8  202.4   2.3  398.   4.0  123485.
2015 182 21    2.8  202.5   1.8  398.   3.8  115693.
2015 182 22    2.8  202.5   3.2  394.   3.5   94434.
2015 182 23    2.8  202.5   3.2  393.   3.6   96094.
2015 183  0    2.8  202.6   3.2  397.   3.5  118173.
2015 183  1    2.8  202.6   3.8  397.   3.9  111478.
2015 183  2    2.8  202.7   3.7  396.   4.0   98094.
2015 183  3    2.8  202.7   3.4  391.   3.9   83256.
2015 183  4    2.8  202.7   2.6  388.   3.9   76384.
2015 183  5    2.8  202.8   2.8  386.   3.8   73205.
2015 183  6    2.8  202.8   2.6  384.   3.7   65764.
2015 183  7    2.8  202.9   2.8  380.   3.8   87074.
2015 183  8    2.8  202.9   3.1  375.   3.9   87879.
2015 183  9    2.8  202.9   3.0  371.   3.9   71985.
2015 183 10    2.8  203.0   3.0  369.   4.1   68148.
2015 183 11    2.8  203.0   2.9  367.   4.2   57864.
2015 183 12    2.9  203.1   2.5  362.   4.8   46094.
2015 183 13    2.9  203.1   2.6  355.   5.3   34081.
2015 183 14    2.9  203.1   2.4  353.   5.4   34827.
2015 183 15    2.9  203.2   2.4  352.   5.3   41787.
2015 183 16    2.9  203.2   2.6  348.   5.1   37142.
2015 183 17    2.9  203.3   2.3  347.   4.9   33308.
2015 183 18    2.9  203.3   2.2  346.   5.1   37804.
2015 183 19    2.9  203.3   2.3  344.   5.2   34801.
2015 183 20    2.9  203.4   2.6  342.   5.2   28234.
2015 183 21    2.9  203.4   2.5  342.   5.0   23233.
2015 183 22    2.9  203.5   2.8  339.   4.5   21691.
2015 183 23    2.9  203.5   2.5  335.   4.6   26916.
2015 184  0    2.9  203.5   2.0  336.   4.7   25550.
2015 184  1    2.9  203.6   2.3  337.   4.8   30922.
2015 184  2    2.9  203.6   3.1  332.   4.8   35120.
2015 184  3    2.9  203.6   2.8  330.   4.8   32374.
2015 184  4    2.9  203.7   2.5  328.   5.9   34594.
2015 184  5    2.9  203.7   2.3  327.   5.9   33320.
2015 184  6    2.9  203.8   2.1  324.   6.0   27414.
2015 184  7    2.9  203.8   1.6  323.   6.4   21589.
2015 184  8    2.9  203.8   0.3  323.   6.6   20294.
2015 184  9    2.9  203.9   1.4  319.   6.9   22151.
2015 184 10    3.0  203.9   1.6  319.   7.3   22819.
2015 184 11    3.0  204.0   1.5  316.   7.8   22510.
2015 184 12    3.0  204.0   1.6  314.   8.0   24042.
2015 184 13    3.0  204.0   1.3  315.   8.0   23080.
2015 184 14    3.0  204.1   1.1  314.   8.3   22670.
2015 184 15    3.0  204.1   1.1  314.   9.9   25209.
2015 184 16    3.0  204.2   1.1  314.   9.6   31269.
2015 184 17    3.0  204.2   0.5  314.   8.8   26193.
2015 184 18    3.0  204.2   0.6  313.   9.7   22114.
2015 184 19    3.0  204.3   0.2  311.  11.1   19414.
2015 184 20    3.0  204.3  -0.6  309.  10.4   16822.
2015 184 21    3.0  204.4  -0.6  310.  10.2   16948.
2015 184 22    3.0  204.4  -0.2  311.  10.8   16946.
2015 184 23    3.0  204.4   2.1  314.  11.5   16439.
2015 185  0    3.0  204.5   0.1  310.  11.5   17543.
2015 185  1    3.0  204.5  -0.0  311.  10.2   21652.
2015 185  2    3.0  204.6  -0.5  311.   9.9   26567.
2015 185  3    3.0  204.6  -1.5  313.  10.7   32845.
2015 185  4    3.0  204.6  -3.7  311.  11.1   35690.
2015 185  5    3.0  204.7  -0.9  313.  12.3   36017.
2015 185  6    3.0  204.7  -1.0  316.  13.3   40946.
2015 185  7    3.0  204.8  -0.7  316.  15.0   44591.
2015 185  8    3.1  204.8  -0.9  320.  16.4   47703.
2015 185  9    3.1  204.8  -1.0  320.  17.1   47923.
2015 185 10    3.1  204.9  -2.2  324.  19.7   56584.
2015 185 11    3.1  204.9  -1.5  336.  18.4   63683.
2015 185 12    3.1  205.0  -3.2  332.  18.0   67413.
2015 185 13    3.1  205.0  -4.3  347.  26.3   94001.
2015 185 14    3.1  205.0   1.7  365.  30.3   81599.
2015 185 15    3.1  205.1  -0.7  372.  35.7  114167.
2015 185 16    3.1  205.1  -3.0  377.  39.9  168055.
2015 185 17    3.1  205.1  -7.2  383.  29.4  124292.
2015 185 18    3.1  205.2  -8.0  423.  21.7  245718.
2015 185 19    3.1  205.2  -7.2  452.  18.8  247473.
2015 185 20    3.1  205.3  -0.2  508.  12.8  627521.
2015 185 21    3.1  205.3 -10.0  570.  10.8  375845.
2015 185 22    3.1  205.3  -9.6  550.   9.0  368121.
2015 185 23    3.1  205.4  -7.1  496.  11.9  381286.
2015 186  0    3.1  205.4  -3.2  491.  10.8  305911.
2015 186  1    3.1  205.5  -7.7  452.   9.5  263810.
2015 186  2    3.1  205.5  -5.8  454.   8.2  280625.
2015 186  3    3.1  205.5  -3.1  506.   5.8  372206.
2015 186  4    3.1  205.6  -8.1  495.   6.0  338237.
2015 186  5    3.1  205.6  -7.2  487.   5.1  277151.
2015 186  6    3.2  205.7  -4.7  491.   4.3  252560.
2015 186  7    3.2  205.7  -5.6  484.   4.0  153128.
2015 186  8    3.2  205.7  -6.2  482.   3.6  118183.
2015 186  9    3.2  205.8  -6.4  482.   3.7  114360.
2015 186 10    3.2  205.8  -4.9  503.   4.0  150836.
2015 186 11    3.2  205.9  -6.5  479.   4.0  101972.
2015 186 12    3.2  205.9  -5.8  488.   3.3   86561.
2015 186 13    3.2  205.9  -3.1  517.   2.7   94887.
2015 186 14    3.2  206.0  -3.3  514.   2.3   85335.
2015 186 15    3.2  206.0  -2.1  526.   2.4   96232.
2015 186 16    3.2  206.1  -4.3  503.   2.6   87071.
2015 186 17    3.2  206.1  -4.4  493.   3.1   94516.
2015 186 18    3.2  206.1  -4.7  488.   3.2  107581.
2015 186 19    3.2  206.2  -2.7  526.   4.1  176110.
2015 186 20    3.2  206.2  -1.8  529.   4.3  213053.
2015 186 21    3.2  206.3  -4.2  506.   4.1  169379.
2015 186 22    3.2  206.3  -2.9  519.   3.9  213392.
2015 186 23    3.2  206.3  -2.2  518.   3.8  225624.
2015 187  0    3.2  206.4  -1.1  527.   3.5  222900.
2015 187  1    3.2  206.4   1.1  545.   3.1  201990.
2015 187  2    3.2  206.5   0.5  533.   2.9  194519.
2015 187  3    3.2  206.5  -2.8  497.   2.9  217800.
2015 187  4    3.3  206.5  -3.6  494.   3.0  238265.
2015 187  5    3.3  206.6  -4.2  484.   2.8  201989.
2015 187  6    3.3  206.6  -2.4  507.   2.8  207639.
2015 187  7    3.3  206.7  -1.4  513.   2.9  186444.
2015 187  8    3.3  206.7  -2.2  503.   2.5  158154.
2015 187  9    3.3  206.7  -3.1  504.   2.4  127154.
2015 187 10    3.3  206.8  -3.7  498.   2.3  115880.
2015 187 11    3.3  206.8  -4.0  496.   2.1  112498.
2015 187 12    3.3  206.8  -3.3  496.   2.0  109762.
2015 187 13    3.3  206.9  -3.2  494.   1.9  103620.
2015 187 14    3.3  206.9  -2.4  502.   2.0  135713.
2015 187 15    3.3  207.0  -2.0  494.   2.2  132061.
2015 187 16    3.3  207.0   0.8  486.   2.8  132271.
2015 187 17    3.3  207.0   1.3  503.   2.8  106457.
2015 187 18    3.3  207.1   1.3  489.   3.1  116817.
2015 187 19    3.3  207.1  -4.4  464.   2.3  120537.
2015 187 20    3.3  207.2  -4.8  482.   1.7   77612.
2015 187 21    3.3  207.2  -4.1  489.   1.6   83302.
2015 187 22    3.3  207.2  -3.3  483.   2.0   99190.
2015 187 23    3.3  207.3   0.2  504.   2.2  124411.
2015 188  0    3.3  207.3   1.2  507.   2.5  130165.
2015 188  1    3.3  207.4  -1.6  505.   1.9  106691.
2015 188  2    3.4  207.4  -3.9  472.   1.7   72346.
2015 188  3    3.4  207.4  -3.0  468.   1.7   75494.
2015 188  4    3.4  207.5  -3.5  456.   1.9   79840.
2015 188  5    3.4  207.5  -3.1  460.   1.9   84542.
2015 188  6    3.4  207.6  -2.9  465.   2.3  131748.
2015 188  7    3.4  207.6  -2.8  459.   2.2  116604.
2015 188  8    3.4  207.6  -2.1  466.   2.3  126098.
2015 188  9    3.4  207.7  -3.0  455.   2.4  104680.
2015 188 10    3.4  207.7  -1.7  464.   2.1  102475.
2015 188 11    3.4  207.8  -1.5  460.   2.0   94008.
2015 188 12    3.4  207.8  -2.1  452.   1.8   74140.
2015 188 13    3.4  207.8  -0.7  459.   1.8   71760.
2015 188 14    3.4  207.9  -2.4  438.   2.2  100572.
2015 188 15    3.4  207.9  -2.8  431.   2.5   97712.
2015 188 16    3.4  208.0  -2.7  430.   2.5  111875.
2015 188 17    3.4  208.0  -2.8  429.   2.5   95248.
2015 188 18    3.4  208.0  -3.1  421.   2.7   54847.
2015 188 19    3.4  208.1  -3.4  413.   2.4   54696.
2015 188 20    3.4  208.1  -1.4  432.   2.2   55925.
2015 188 21    3.4  208.2  -2.4  420.   2.3   70579.
2015 188 22    3.4  208.2  -2.9  412.   2.4   76725.
2015 188 23    3.4  208.2  -2.4  416.   2.4   83061.
2015 189  0    3.4  208.3  -1.8  417.   2.2   72306.
2015 189  1    3.5  208.3  -2.4  409.   2.5   84722.
2015 189  2    3.5  208.4  -2.5  408.   2.7   87898.
2015 189  3    3.5  208.4  -1.3  416.   2.7   74646.
2015 189  4    3.5  208.4  -0.7  415.   2.9   84807.
2015 189  5    3.5  208.5  -1.7  403.   2.8   85105.
2015 189  6    3.5  208.5  -1.0  406.   2.7   50891.
2015 189  7    3.5  208.5   0.2  403.   2.8   44347.
2015 189  8    3.5  208.6   1.2  403.   2.8   39654.
2015 189  9    3.5  208.6   0.4  395.   2.7   35588.
2015 189 10    3.5  208.7  -0.9  385.   3.0   44853.
2015 189 11    3.5  208.7  -0.5  383.   2.8   52597.
2015 189 12    3.5  208.7  -1.2  378.   3.2   50940.
2015 189 13    3.5  208.8  -1.0  375.   3.2   49492.
2015 189 14    3.5  208.8  -1.3  369.   3.2   46438.
2015 189 15    3.5  208.9   0.5  381.   2.8   28646.
2015 189 16    3.5  208.9   1.4  385.   2.8   34478.
2015 189 17    3.5  208.9   0.7  378.   3.0   35069.
2015 189 18    3.5  209.0   0.4  378.   3.4   37006.
2015 189 19    3.5  209.0   0.9  377.   3.6   37658.
2015 189 20    3.5  209.1   1.3  374.   4.1   41102.
2015 189 21    3.5  209.1  -2.1  363.   4.5   53286.
2015 189 22    3.5  209.1  -2.3  360.   4.4   50353.
2015 189 23    3.5  209.2  -3.1  355.   4.7   60223.
2015 190  0    3.6  209.2  -0.8  369.   4.2   51567.
2015 190  1    3.6  209.3  -2.8  374.   4.0   75582.
2015 190  2    3.6  209.3  -3.7  373.   4.7   75872.
2015 190  3    3.6  209.3  -2.0  374.   4.5   65583.
2015 190  4    3.6  209.4   0.2  376.   4.2   69294.
2015 190  5    3.6  209.4  -2.0  369.   3.7   63928.
2015 190  6    3.6  209.5  -1.3  371.   3.9   61064.
2015 190  7    3.6  209.5  -0.5  370.   3.7   60405.
2015 190  8    3.6  209.5  -3.3  361.   3.9   71748.
2015 190  9    3.6  209.6  -3.6  357.   4.1   64142.
2015 190 10    3.6  209.6  -3.1  360.   4.2   73160.
2015 190 11    3.6  209.7  -2.9  366.   4.4   78944.
2015 190 12    3.6  209.7  -2.7  366.   4.3   76066.
2015 190 13    3.6  209.7  -1.6  370.   4.1   73151.
2015 190 14    3.6  209.8  -2.0  366.   4.1   76288.
2015 190 15    3.6  209.8  -3.3  361.   4.3   84312.
2015 190 16    3.6  209.9  -3.6  362.   4.8   87877.
2015 190 17    3.6  209.9  -0.0  377.   4.7   69373.
2015 190 18    3.6  209.9   0.7  370.   4.6   63290.
2015 190 19    3.6  210.0   1.8  365.   4.7   62606.
2015 190 20    3.6  210.0  -1.5  357.   5.0   64543.
2015 190 21    3.6  210.1  -2.5  355.   4.8   63010.
2015 190 22    3.6  210.1  -2.8  352.   4.9   67912.
2015 190 23    3.7  210.1  -4.0  347.   5.0   56822.
2015 191  0    3.7  210.2  -4.0  345.   4.8   59883.
2015 191  1    3.7  210.2  -3.7  344.   4.4   60592.
2015 191  2    3.7  210.3  -3.9  344.   4.1   53398.
2015 191  3    3.7  210.3  -3.6  334.   4.3   58356.
2015 191  4    3.7  210.3  -4.2  333.   3.6   35079.
2015 191  5    3.7  210.4  -4.5  328.   3.8   31526.
2015 191  6    3.7  210.4  -4.0  320.   4.9   44096.
2015 191  7    3.7  210.4  -3.7  314.   7.8   57870.
2015 191  8    3.7  210.5  -4.7  320.   7.5   48165.
2015 191  9    3.7  210.5  -5.3  333.   6.0   37234.
2015 191 10    3.7  210.6  -5.2  329.   6.2   34486.
2015 191 11    3.7  210.6  -4.4  334.   6.5   38770.
2015 191 12    3.7  210.6  -4.1  329.   6.6   40700.
2015 191 13    3.7  210.7  -4.1  325.   7.4   42354.
2015 191 14    3.7  210.7  -4.1  324.   7.7   42490.
2015 191 15    3.7  210.8  -4.6  325.   7.8   49566.
2015 191 16    3.7  210.8  -5.6  337.  12.8   62982.
2015 191 17    3.7  210.8  -4.1  337.  14.0   61613.
2015 191 18    3.7  210.9  -4.4  336.  15.3   69197.
2015 191 19    3.7  210.9  -5.2  339.  18.7   58804.
2015 191 20    3.7  211.0  -5.0  358.  26.5   47477.
2015 191 21    3.7  211.0  -6.9  361.  33.4   40302.
2015 191 22    3.8  211.0  -1.9  391.  46.4   70143.
2015 191 23    3.8  211.1   2.6  452.  47.7  265218.
2015 192  0    3.8  211.1  10.1  514.  17.6  547963.
2015 192  1    3.8  211.2  10.1  509.  17.3  550115.
2015 192  2    3.8  211.2  10.4  500.  21.5  483087.
2015 192  3    3.8  211.2   7.9  510.  22.1  406232.
2015 192  4    3.8  211.3   4.9  526.  25.7  547911.
2015 192  5    3.8  211.3  10.3  514.  19.3  414428.
2015 192  6    3.8  211.4   8.0  537.  12.2  350579.
2015 192  7    3.8  211.4   6.3  570.   8.5  319906.
2015 192  8    3.8  211.4   3.2  606.   5.4  289960.
2015 192  9    3.8  211.5   3.5  612.   5.3  267817.
2015 192 10    3.8  211.5   2.6  629.   4.2  251725.
2015 192 11    3.8  211.6   2.9  637.   3.6  235589.
2015 192 12    3.8  211.6   3.2  627.   3.3  194202.
2015 192 13    3.8  211.6   3.4  621.   3.7  215308.
2015 192 14    3.8  211.7   2.4  616.   3.7  200174.
2015 192 15    3.8  211.7   4.2  591.   3.4  175333.
2015 192 16    3.8  211.8   4.3  593.   3.5  157122.
2015 192 17    3.8  211.8   4.8  582.   3.4  163108.
2015 192 18    3.8  211.8   4.6  593.   3.6  249530.
2015 192 19    3.8  211.9   2.8  610.   3.7  328675.
2015 192 20    3.8  211.9   3.4  594.   3.9  261999.
2015 192 21    3.9  212.0   2.1  595.   4.1  275974.
2015 192 22    3.9  212.0   2.8  608.   3.1  227372.
2015 192 23    3.9  212.0   3.0  601.   2.8  206257.
2015 193  0    3.9  212.1   3.1  598.   2.7  155122.
2015 193  1    3.9  212.1   3.3  593.   2.7  135373.
2015 193  2    3.9  212.2   3.6  587.   2.8  141782.
2015 193  3    3.9  212.2   3.2  591.   2.8  145753.
2015 193  4    3.9  212.2   2.8  579.   2.0   90839.
2015 193  5    3.9  212.3   3.0  574.   2.0   83670.
2015 193  6    3.9  212.3   3.3  566.   2.3   93436.
2015 193  7    3.9  212.3   2.3  579.   2.6  121098.
2015 193  8    3.9  212.4   2.9  574.   2.7  125095.
2015 193  9    3.9  212.4   2.9  577.   2.8  132090.
2015 193 10    3.9  212.5   2.8  580.   2.8  138367.
2015 193 11    3.9  212.5   1.1  598.   2.7  135001.
2015 193 12    3.9  212.5   3.8  572.   2.8  119307.
2015 193 13    3.9  212.6   2.0  597.   2.4  147428.
2015 193 14    3.9  212.6   0.7  618.   2.4  194498.
2015 193 15    3.9  212.7  -0.9  626.   2.3  169852.
2015 193 16    3.9  212.7  -0.8  622.   2.1  159341.
2015 193 17    3.9  212.7   1.3  604.   2.2  153269.
2015 193 18    3.9  212.8   2.2  594.   2.3  148610.
2015 193 19    3.9  212.8   2.6  590.   2.2  113398.
2015 193 20    3.9  212.9   2.7  584.   2.3  109908.
2015 193 21    4.0  212.9   3.1  577.   2.3  101223.
2015 193 22    4.0  212.9   3.0  583.   2.6  104209.
2015 193 23    4.0  213.0   2.5  588.   2.8  115009.
2015 194  0    4.0  213.0   2.6  583.   2.8  128647.
2015 194  1    4.0  213.1   0.6  610.   2.8  135943.
2015 194  2    4.0  213.1   0.6  640.   4.6  158789.
2015 194  3    4.0  213.1   0.5  644.   6.2  180872.
2015 194  4    4.0  213.2   2.7  612.   5.7  142582.
2015 194  5    4.0  213.2   1.1  608.   5.2  123998.
2015 194  6    4.0  213.3  -0.1  605.   6.5   92703.
2015 194  7    4.0  213.3   1.2  589.   7.0   87029.
2015 194  8    4.0  213.3   2.3  572.   7.2   70932.
2015 194  9    4.0  213.4   3.7  559.   7.0   57128.
2015 194 10    4.0  213.4   6.5  528.   5.2   55415.
2015 194 11    4.0  213.5   7.1  521.   4.8   64333.
2015 194 12    4.0  213.5   6.1  526.   4.4   72311.
2015 194 13    4.0  213.5   6.5  518.   4.1   67419.
2015 194 14    4.0  213.6   6.1  512.   3.5   60642.
2015 194 15    4.0  213.6   6.5  505.   2.5   45750.
2015 194 16    4.0  213.7   6.6  504.   2.6   54890.
2015 194 17    4.0  213.7   2.2  519.   5.2   36847.
2015 194 18    4.0  213.7   4.5  505.   5.0   29869.
2015 194 19    4.0  213.8   5.6  495.   4.1   26701.
2015 194 20    4.0  213.8   6.4  487.   3.6   25031.
2015 194 21    4.1  213.9   5.7  487.   3.8   25026.
2015 194 22    4.1  213.9   6.1  480.   3.6   22432.
2015 194 23    4.1  213.9   5.5  477.   3.3   25188.
2015 195  0    4.1  214.0   5.3  473.   3.1   25022.
2015 195  1    4.1  214.0   5.6  469.   2.8   26494.
2015 195  2    4.1  214.1   4.9  469.   2.8   26263.
2015 195  3    4.1  214.1   5.4  464.   2.6   25008.
2015 195  4    4.1  214.1   4.3  462.   2.7   23555.
2015 195  5    4.1  214.2   5.9  444.   2.5   20843.
2015 195  6    4.1  214.2   5.6  437.   2.6   22180.
2015 195  7    4.1  214.2   5.0  442.   3.2   28995.
2015 195  8    4.1  214.3   4.8  441.   3.8   35298.
2015 195  9    4.1  214.3   4.9  439.   3.0   31835.
2015 195 10    4.1  214.4   4.5  446.   2.8   67171.
2015 195 11    4.1  214.4   4.0  444.   3.4   26694.
2015 195 12    4.1  214.4   3.9  439.   3.2   28129.
2015 195 13    4.1  214.5   3.8  441.   3.7   33187.
2015 195 14    4.1  214.5   5.2  433.   3.6   38308.
2015 195 15    4.1  214.6   4.8  434.   3.5   65450.
2015 195 16    4.1  214.6   5.2  443.   4.7  109237.
2015 195 17    4.1  214.6   4.2  470.   4.8  139252.
2015 195 18    4.1  214.7   5.2  453.   5.9  128260.
2015 195 19    4.1  214.7   2.4  463.   4.3  113063.
2015 195 20    4.1  214.8   5.4  452.   3.6   73352.
2015 195 21    4.2  214.8   6.8  445.   4.2   48309.
2015 195 22    4.2  214.8   3.1  469.   4.2  224063.
2015 195 23    4.2  214.9   1.9  507.   3.1  565358.
