2020 333  0    1.4  349.0   3.2  448.   3.5  124788.
2020 333  1    1.4  349.1   1.5  453.   3.6  150227.
2020 333  2    1.4  349.1   1.7  444.   3.7  149224.
2020 333  3    1.4  349.2   1.0  443.   4.0  148376.
2020 333  4    1.4  349.2   0.5  444.   3.8  138107.
2020 333  5    1.4  349.3   0.9  440.   3.8  124951.
2020 333  6    1.4  349.3   2.9  429.   3.7  115221.
2020 333  7    1.3  349.3   3.4  426.   3.5   96827.
2020 333  8    1.3  349.4   1.6  443.   4.0   99877.
2020 333  9    1.3  349.4   2.1  445.   4.2   89846.
2020 333 10    1.3  349.5   2.2  445.   4.0   81629.
2020 333 11    1.3  349.5   0.7  434.   3.2   93905.
2020 333 12    1.3  349.5  -2.9  436.   2.7   80390.
2020 333 13    1.3  349.6  -5.0  414.   2.3   65306.
2020 333 14    1.3  349.6  -3.5  429.   3.1  107407.
2020 333 15    1.3  349.7  -0.6  415.   3.4  100867.
2020 333 16    1.3  349.7   2.0  401.   3.9   91308.
2020 333 17    1.3  349.8   1.3  396.   3.9   84986.
2020 333 18    1.3  349.8   1.7  390.   4.5   65796.
2020 333 19    1.3  349.8   1.3  386.   6.4   39657.
2020 333 20    1.3  349.9   1.2  400.   5.2   47146.
2020 333 21    1.3  349.9  -3.0  423.   6.3   51431.
2020 333 22    1.3  350.0  -1.5  416.   5.9   60808.
2020 333 23    1.3  350.0   0.0  398.   7.7   46293.
2020 334  0    1.3  350.1  -2.7  403.   7.8   22350.
2020 334  1    1.3  350.1  -2.4  398.   8.2   22284.
2020 334  2    1.2  350.1  -3.1  399.   7.7   22408.
2020 334  3    1.2  350.2  -3.0  400.   7.8   26187.
2020 334  4    1.2  350.2  -3.0  397.   5.9   25062.
2020 334  5    1.2  350.3  -1.4  389.   7.0   18449.
2020 334  6    1.2  350.3  -1.6  389.   8.3   19519.
2020 334  7    1.2  350.3  -2.2  386.   8.2   19737.
2020 334  8    1.2  350.4  -3.2  388.   9.3   19423.
2020 334  9    1.2  350.4  -2.5  383.   8.9   16830.
2020 334 10    1.2  350.5  -3.3  376.   7.4   19991.
2020 334 11    1.2  350.5  -3.0  372.   8.9   33127.
2020 334 12    1.2  350.6  -2.6  362.   7.5   29592.
2020 334 13    1.2  350.6  -3.4  358.   7.0   22919.
2020 334 14    1.2  350.6  -0.8  345.   6.8   44389.
2020 334 15    1.2  350.7   2.8  353.   5.3   46188.
2020 334 16    1.2  350.7   2.9  358.   3.9   42648.
2020 334 17    1.2  350.8   4.6  370.   2.5   23929.
2020 334 18    1.2  350.8   4.7  359.   2.8   28321.
2020 334 19    1.2  350.8   3.9  353.   2.7   26031.
2020 334 20    1.2  350.9   2.5  357.   3.5   44167.
2020 334 21    1.1  350.9   3.0  356.   3.7   44280.
2020 334 22    1.1  351.0   2.2  364.   3.8   57397.
2020 334 23    1.1  351.0   3.5  373.   3.8   54659.
2020 335  0    1.1  351.1   2.7  373.   3.8   47741.
2020 335  1    1.1  351.1   1.9  374.   4.2   59142.
2020 335  2    1.1  351.1   3.4  371.   4.4   58702.
2020 335  3    1.1  351.2   0.8  382.   6.9   74588.
2020 335  4    1.1  351.2   2.9  383.   7.4   89052.
2020 335  5    1.1  351.3  -2.0  430.  10.4  104898.
2020 335  6    1.1  351.3   0.9  418.  11.0  118064.
2020 335  7    1.1  351.4   2.6  415.  12.3  111254.
2020 335  8    1.1  351.4   0.1  439.  11.0   96347.
2020 335  9    1.1  351.4  -1.2  464.  10.3  101590.
2020 335 10    1.1  351.5  -3.0  494.   6.0   63374.
2020 335 11    1.1  351.5  -2.2  503.   3.8  102674.
2020 335 12    1.1  351.6   0.6  499.   2.6  171218.
2020 335 13    1.1  351.6   0.8  492.   1.9  269997.
2020 335 14    1.1  351.6  -1.9  452.   1.1  296674.
2020 335 15    1.1  351.7  -1.9  452.   1.0  253029.
2020 335 16    1.0  351.7  -0.2  473.   0.9  234274.
2020 335 17    1.0  351.8  -2.1  473.   0.7  181102.
2020 335 18    1.0  351.8  -1.9  445.   0.8  223397.
2020 335 19    1.0  351.9  -1.4  456.   0.9  210900.
2020 335 20    1.0  351.9  -1.8  439.   0.9  186374.
2020 335 21    1.0  351.9  -0.5  448.   0.9  175194.
2020 335 22    1.0  352.0  -1.2  440.   1.0  161820.
2020 335 23    1.0  352.0  -1.4  428.   0.9  161490.
2020 336  0    1.0  352.1  -1.2  427.   1.0  166453.
2020 336  1    1.0  352.1  -1.3  423.   0.9  160781.
2020 336  2    1.0  352.1  -1.7  410.   1.0  171416.
2020 336  3    1.0  352.2   0.0  424.   1.1  160157.
2020 336  4    1.0  352.2   0.2  423.   1.0  166781.
2020 336  5    1.0  352.3  -0.1  413.   1.0  164856.
2020 336  6    1.0  352.3  -1.1  400.   1.0  135541.
2020 336  7    1.0  352.4  -1.2  404.   1.0  162658.
2020 336  8    1.0  352.4  -2.3  386.   1.1  199271.
2020 336  9    1.0  352.4  -2.8  388.   1.1  152701.
2020 336 10    1.0  352.5  -2.1  399.   1.1  197194.
2020 336 11    0.9  352.5  -3.2  383.   0.9  181010.
2020 336 12    0.9  352.6  -2.3  399.   1.1  194619.
2020 336 13    0.9  352.6  -1.0  396.   1.1  161259.
2020 336 14    0.9  352.6  -0.1  411.   1.1  191974.
2020 336 15    0.9  352.7  -0.4  410.   1.2  205031.
2020 336 16    0.9  352.7  -1.7  395.   1.2  225601.
2020 336 17    0.9  352.8   1.1  440.   1.1  188368.
2020 336 18    0.9  352.8   1.2  439.   1.1  178533.
2020 336 19    0.9  352.9  -0.1  410.   1.2  229780.
2020 336 20    0.9  352.9  -2.0  394.   1.2  214694.
2020 336 21    0.9  352.9  -2.5  392.   1.2  217721.
2020 336 22    0.9  353.0  -2.7  388.   1.2  213285.
2020 336 23    0.9  353.0  -1.5  389.   1.2  250257.
2020 337  0    0.9  353.1  -1.3  393.   1.1  220297.
2020 337  1    0.9  353.1  -3.1  372.   1.0  196585.
2020 337  2    0.9  353.2  -2.5  394.   1.1  201942.
2020 337  3    0.9  353.2  -1.8  412.   1.0  162021.
2020 337  4    0.9  353.2  -2.2  405.   1.1  190274.
2020 337  5    0.9  353.3  -2.1  406.   0.9  113853.
2020 337  6    0.8  353.3  -2.8  404.   0.8   83011.
2020 337  7    0.8  353.4  -3.1  390.   0.8   97362.
2020 337  8    0.8  353.4  -2.2  396.   1.6   81285.
2020 337  9    0.8  353.4  -0.4  409.   2.0   64262.
2020 337 10    0.8  353.5  -0.4  406.   2.0   60091.
2020 337 11    0.8  353.5   0.8  417.   2.7   60491.
2020 337 12    0.8  353.6  -0.3  411.   3.0   63088.
2020 337 13    0.8  353.6  -0.5  410.   3.5   71398.
2020 337 14    0.8  353.7   1.1  420.   4.3   56400.
2020 337 15    0.8  353.7   2.1  418.   5.1   42644.
2020 337 16    0.8  353.7   2.1  414.   5.7   55894.
2020 337 17    0.8  353.8   1.4  419.   5.6   72886.
2020 337 18    0.8  353.8  -0.1  415.   5.2  106229.
2020 337 19    0.8  353.9   0.0  413.   5.2  114333.
2020 337 20    0.8  353.9  -1.2  408.   5.0  130180.
2020 337 21    0.8  353.9  -1.7  401.   4.9  128768.
2020 337 22    0.8  354.0   2.8  427.   5.3  103603.
2020 337 23    0.8  354.0   0.0  413.   3.9  100739.
2020 338  0    0.8  354.1  -1.5  398.   3.6  106676.
2020 338  1    0.7  354.1   1.6  414.   3.7  113419.
2020 338  2    0.7  354.2  -0.2  397.   3.5   98242.
2020 338  3    0.7  354.2  -0.9  386.   3.3   84073.
2020 338  4    0.7  354.2  -0.6  382.   3.4   74260.
2020 338  5    0.7  354.3  -0.8  376.   3.2   70859.
2020 338  6    0.7  354.3  -0.9  373.   3.2   69260.
2020 338  7    0.7  354.4  -0.8  369.   3.1   62838.
2020 338  8    0.7  354.4  -0.8  368.   3.1   56447.
2020 338  9    0.7  354.5  -1.2  364.   3.3   41821.
2020 338 10    0.7  354.5  -1.3  363.   3.9   35084.
2020 338 11    0.7  354.5  -1.8  360.   3.9   36148.
2020 338 12    0.7  354.6  -1.4  361.   4.1   37464.
2020 338 13    0.7  354.6   0.3  366.   5.3   20893.
2020 338 14    0.7  354.7   1.0  367.   7.8   12204.
2020 338 15    0.7  354.7   0.4  361.   7.8   15033.
2020 338 16    0.7  354.7  -1.9  359.   2.6   22506.
2020 338 17    0.7  354.8  -2.2  360.   1.7   26738.
2020 338 18    0.7  354.8  -3.3  353.   1.4   53165.
2020 338 19    0.7  354.9  -3.2  361.   1.3   83745.
2020 338 20    0.6  354.9  -3.9  348.   1.4   70018.
2020 338 21    0.6  355.0  -3.8  335.   0.9   74210.
2020 338 22    0.6  355.0  -2.0  365.   1.1   90687.
2020 338 23    0.6  355.0  -3.4  334.   1.0   77178.
2020 339  0    0.6  355.1  -2.7  349.   1.0   85691.
2020 339  1    0.6  355.1  -2.3  357.   1.0   77135.
2020 339  2    0.6  355.2  -1.7  364.   0.9   69368.
2020 339  3    0.6  355.2  -3.0  342.   0.8   61967.
2020 339  4    0.6  355.2  -4.3  307.   0.9   75504.
2020 339  5    0.6  355.3  -4.3  305.   0.8   58816.
2020 339  6    0.6  355.3  -3.3  327.   0.9   61180.
2020 339  7    0.6  355.4  -2.9  333.   1.0   72548.
2020 339  8    0.6  355.4  -3.7  318.   0.9   65438.
2020 339  9    0.6  355.5  -4.7  299.   1.1   87747.
2020 339 10    0.6  355.5  -2.2  329.   1.0   89772.
2020 339 11    0.6  355.5  -2.3  341.   1.2  116652.
2020 339 12    0.6  355.6  -3.1  326.   1.0   32266.
2020 339 13    0.6  355.6  -1.2  347.   1.1   58668.
2020 339 14    0.6  355.7  -3.6  318.   1.0   51546.
2020 339 15    0.5  355.7  -1.6  340.   1.1   94912.
2020 339 16    0.5  355.8  -3.3  324.   1.0   62699.
2020 339 17    0.5  355.8  -3.6  306.   1.0   61761.
2020 339 18    0.5  355.8  -3.4  313.   1.0   54628.
2020 339 19    0.5  355.9  -4.8  291.   1.1   83110.
2020 339 20    0.5  355.9  -6.0  275.   1.1   88710.
2020 339 21    0.5  356.0  -5.7  272.   1.1   66754.
2020 339 22    0.5  356.0  -5.9  265.   1.0   67384.
2020 339 23    0.5  356.0  -6.0  268.   1.1   76307.
2020 340  0    0.5  356.1  -5.6  295.   1.3   86425.
2020 340  1    0.5  356.1  -5.0  287.   1.2   57171.
2020 340  2    0.5  356.2  -4.9  287.   1.4   62383.
2020 340  3    0.5  356.2  -6.2  277.   1.5   58596.
2020 340  4    0.5  356.3  -6.0  279.   2.0   45752.
2020 340  5    0.5  356.3  -5.2  291.   2.5   33617.
2020 340  6    0.5  356.3  -5.0  291.   2.3   29892.
2020 340  7    0.5  356.4  -3.6  313.   2.3   26849.
2020 340  8    0.5  356.4  -2.6  334.   2.1   41008.
2020 340  9    0.4  356.5  -2.8  332.   1.4   31766.
2020 340 10    0.4  356.5  -2.2  332.   1.8   17980.
2020 340 11    0.4  356.5  -2.6  342.   1.1   36182.
2020 340 12    0.4  356.6  -2.7  364.   1.5   84322.
2020 340 13    0.4  356.6   2.5  401.   4.3   36228.
2020 340 14    0.4  356.7   2.6  390.   4.0   29046.
2020 340 15    0.4  356.7   1.7  375.   4.6   68248.
2020 340 16    0.4  356.8   2.4  374.   4.3   45816.
2020 340 17    0.4  356.8   0.5  373.   6.1   87629.
2020 340 18    0.4  356.8  -0.9  370.   8.0   47414.
2020 340 19    0.4  356.9  -2.6  370.   6.4   31361.
2020 340 20    0.4  356.9  -0.2  366.   8.2   35263.
2020 340 21    0.4  357.0   1.7  368.   5.1   39265.
2020 340 22    0.4  357.0   1.6  365.   4.1   35668.
2020 340 23    0.4  357.1   1.9  365.   5.1   27653.
2020 341  0    0.4  357.1   0.7  363.   5.7   25919.
2020 341  1    0.4  357.1  -0.4  357.   6.3   31153.
2020 341  2    0.4  357.2   0.6  358.   5.8   27800.
2020 341  3    0.4  357.2   0.6  357.   3.6   33169.
2020 341  4    0.3  357.3   1.2  358.   5.6   29107.
2020 341  5    0.3  357.3  -1.7  335.   4.6   30109.
2020 341  6    0.3  357.3   0.3  353.   5.6   28196.
2020 341  7    0.3  357.4   1.1  357.   7.8   24470.
2020 341  8    0.3  357.4  -0.0  352.   9.5   22584.
2020 341  9    0.3  357.5   0.5  351.   8.8   24688.
2020 341 10    0.3  357.5   3.2  345.   3.9   15122.
2020 341 11    0.3  357.6   2.7  350.   4.3   19528.
2020 341 12    0.3  357.6  -0.2  372.   7.5   50691.
2020 341 13    0.3  357.6  -1.2  376.  12.0   24728.
2020 341 14    0.3  357.7  -0.2  378.  11.6   26796.
2020 341 15    0.3  357.7   0.8  376.  10.0   40248.
2020 341 16    0.3  357.8   3.0  372.  10.0   44200.
2020 341 17    0.3  357.8   3.8  375.  10.6   43641.
2020 341 18    0.3  357.8   2.6  373.  10.9   45418.
2020 341 19    0.3  357.9   3.1  372.   8.7   46551.
2020 341 20    0.3  357.9   3.3  374.   7.6   57047.
2020 341 21    0.3  358.0   3.6  371.   3.8   46898.
2020 341 22    0.3  358.0   4.7  362.   4.3   59735.
2020 341 23    0.2  358.1   5.1  367.   3.5   53566.
2020 342  0    0.2  358.1   5.3  367.   3.4   57376.
2020 342  1    0.2  358.1   5.4  363.   3.1   59242.
2020 342  2    0.2  358.2   6.3  358.   3.3   43982.
2020 342  3    0.2  358.2   5.8  358.   3.4   56765.
2020 342  4    0.2  358.3   5.5  358.   3.0   55478.
2020 342  5    0.2  358.3   5.3  353.   3.1   60178.
2020 342  6    0.2  358.4   5.3  352.   3.5   63088.
2020 342  7    0.2  358.4   5.5  350.   3.5   60726.
2020 342  8    0.2  358.4   4.5  349.   3.5   68066.
2020 342  9    0.2  358.5   4.8  348.   3.3   59804.
2020 342 10    0.2  358.5   3.2  360.   3.4   87809.
2020 342 11    0.2  358.6   3.4  358.   3.1   83781.
2020 342 12    0.2  358.6   2.5  377.   3.6  141876.
2020 342 13    0.2  358.6   2.9  381.   2.4  112837.
2020 342 14    0.2  358.7   3.8  371.   1.6   99189.
2020 342 15    0.2  358.7  -0.0  383.   2.8  129592.
2020 342 16    0.2  358.8  -0.5  381.   2.8  140519.
2020 342 17    0.2  358.8   0.5  370.   2.3  119756.
2020 342 18    0.1  358.9   1.6  357.   2.1  112336.
2020 342 19    0.1  358.9   1.4  359.   1.7  105021.
2020 342 20    0.1  358.9   0.6  359.   1.9  103011.
2020 342 21    0.1  359.0   0.5  350.   1.9  100681.
2020 342 22    0.1  359.0   0.9  353.   2.0   71165.
2020 342 23    0.1  359.1   0.4  355.   2.2   52668.
2020 343  0    0.1  359.1   1.0  347.   2.2   33504.
2020 343  1    0.1  359.2  -0.6  347.   3.4   27046.
2020 343  2    0.1  359.2  -1.7  349.   3.6   29225.
2020 343  3    0.1  359.2  -2.0  349.   3.9   27503.
2020 343  4    0.1  359.3   0.5  341.   4.2   39480.
2020 343  5    0.1  359.3   2.3  345.   4.3   47706.
2020 343  6    0.1  359.4   1.4  345.   4.3   46370.
2020 343  7    0.1  359.4  -0.0  359.   4.3   37236.
2020 343  8    0.1  359.4   0.6  351.   4.0   29877.
2020 343  9    0.1  359.5   0.8  347.   4.8   37548.
2020 343 10    0.1  359.5   1.7  347.   5.1   41261.
2020 343 11    0.1  359.6   1.1  347.   7.1   49207.
2020 343 12    0.0  359.6  -0.7  352.   8.3   38024.
2020 343 13    0.0  359.7   0.0  352.   9.8   34634.
2020 343 14    0.0  359.7  -0.8  354.  10.5   34903.
2020 343 15    0.0  359.7  -0.9  358.   9.5   36373.
2020 343 16    0.0  359.8  -1.1  366.   9.1   42857.
2020 343 17    0.0  359.8  -2.9  365.   6.2   37892.
2020 343 18    0.0  359.9  -4.0  364.   4.6   41676.
2020 343 19    0.0  359.9  -3.6  360.   4.9   49882.
2020 343 20    0.0  359.9  -3.6  355.   5.1   46186.
2020 343 21    0.0  360.0  -3.5  354.   5.5   41419.
2020 343 22   -0.0    0.0  -3.6  359.   6.2   49784.
2020 343 23   -0.0    0.1  -4.5  357.   6.3   54712.
2020 344  0   -0.0    0.1  -5.2  345.   5.1   35577.
2020 344  1   -0.0    0.2  -5.8  346.   5.5   37176.
2020 344  2   -0.0    0.2  -3.2  359.   8.0   63308.
2020 344  3   -0.0    0.2  -3.5  358.  13.6   37266.
2020 344  4   -0.0    0.3  -4.9  355.  14.6   36189.
2020 344  5   -0.0    0.3  -2.3  386.  11.4   68848.
2020 344  6   -0.0    0.4  -2.5  371.  11.5   82422.
2020 344  7   -0.1    0.4  -3.9  370.  12.1   91040.
2020 344  8   -0.1    0.5  -1.3  375.  13.3   89273.
2020 344  9   -0.1    0.5   0.4  385.  11.6  124966.
2020 344 10   -0.1    0.5  -1.7  375.  10.7  112179.
2020 344 11   -0.1    0.6  -0.7  370.  10.2  135866.
2020 344 12   -0.1    0.6  -2.2  373.   8.9  112456.
2020 344 13   -0.1    0.7  -2.9  377.   8.3  106023.
2020 344 14   -0.1    0.7  -3.5  377.   8.0  115123.
2020 344 15   -0.1    0.7  -2.4  393.   6.4   96162.
2020 344 16   -0.1    0.8  -3.3  419.   6.4  147579.
2020 344 17   -0.1    0.8  -3.1  423.   6.5  187476.
2020 344 18   -0.1    0.9  -3.5  419.   6.5  172383.
2020 344 19   -0.1    0.9  -2.8  424.   6.6  180340.
2020 344 20   -0.1    1.0  -5.0  413.   5.4  158153.
2020 344 21   -0.1    1.0  -4.5  416.   5.6  154672.
2020 344 22   -0.1    1.0  -2.5  431.   5.3  161673.
2020 344 23   -0.1    1.1  -3.0  436.   4.9  147058.
2020 345  0   -0.1    1.1  -3.1  442.   5.1  164084.
2020 345  1   -0.1    1.2  -0.5  455.   4.8  149363.
2020 345  2   -0.2    1.2  -2.3  503.   8.4  216570.
2020 345  3   -0.2    1.2  -0.6  566.  11.6  359405.
2020 345  4   -0.2    1.3  -0.4  551.  12.2  379216.
2020 345  5   -0.2    1.3   0.8  550.   9.8  351925.
2020 345  6   -0.2    1.4   0.4  535.   8.6  388704.
2020 345  7   -0.2    1.4  -2.3  507.   8.2  357770.
2020 345  8   -0.2    1.5  -1.9  495.   7.4  299564.
2020 345  9   -0.2    1.5  -1.1  490.   6.9  282016.
2020 345 10   -0.2    1.5  -0.5  486.   6.9  277738.
2020 345 11   -0.2    1.6   0.6  497.   7.0  232987.
2020 345 12   -0.2    1.6  -0.3  488.   6.1  187699.
2020 345 13   -0.2    1.7   0.9  480.   5.5  155437.
2020 345 14   -0.2    1.7   0.2  471.   6.2  164220.
2020 345 15   -0.2    1.8  -0.9  473.   6.5  190489.
2020 345 16   -0.2    1.8  -0.7  469.   4.7  164097.
2020 345 17   -0.2    1.8  -0.4  469.   4.2  137539.
2020 345 18   -0.2    1.9  -3.5  445.   4.5   93670.
2020 345 19   -0.2    1.9  -3.2  454.   4.2   94654.
2020 345 20   -0.2    2.0  -0.1  478.   3.7  134731.
2020 345 21   -0.3    2.0   2.5  466.   4.1   91999.
2020 345 22   -0.3    2.0   2.7  474.   4.1   84337.
2020 345 23   -0.3    2.1   0.7  475.   4.5   92337.
2020 346  0   -0.3    2.1   1.5  467.   3.5   72435.
2020 346  1   -0.3    2.2   2.3  471.   3.6   71259.
2020 346  2   -0.3    2.2   2.2  471.   3.0   41610.
2020 346  3   -0.3    2.3   1.5  479.   4.2   42388.
2020 346  4   -0.3    2.3   2.1  463.   8.0   28247.
2020 346  5   -0.3    2.3   2.5  461.   5.6   18518.
2020 346  6   -0.3    2.4   0.8  448.   5.3   18760.
2020 346  7   -0.3    2.4   1.0  444.   4.2   16138.
2020 346  8   -0.3    2.5   0.6  440.   3.4   16142.
2020 346  9   -0.3    2.5  -0.4  444.   2.7   35239.
2020 346 10   -0.3    2.6  -2.9  469.   2.7   20293.
2020 346 11   -0.3    2.6  -3.5  491.   2.5   24138.
2020 346 12   -0.3    2.6  -3.6  496.   1.9   21076.
2020 346 13   -0.3    2.7  -3.5  504.   1.2   65822.
2020 346 14   -0.3    2.7  -3.2  499.   1.4   38204.
2020 346 15   -0.4    2.8  -3.2  490.   1.5   31474.
2020 346 16   -0.4    2.8  -3.2  477.   1.8   12469.
2020 346 17   -0.4    2.8  -3.2  473.   2.0    7616.
2020 346 18   -0.4    2.9  -3.4  466.   2.0   10785.
2020 346 19   -0.4    2.9  -2.7  471.   2.6   11288.
2020 346 20   -0.4    3.0  -2.5  484.   1.7   36321.
2020 346 21   -0.4    3.0  -2.2  476.   2.2   12149.
2020 346 22   -0.4    3.1  -3.2  475.   1.7   48573.
2020 346 23   -0.4    3.1  -2.7  456.   2.9   13031.
2020 347  0   -0.4    3.1  -2.2  453.   2.1   13504.
2020 347  1   -0.4    3.2  -2.4  442.   3.0    6352.
2020 347  2   -0.4    3.2  -3.1  434.   2.8    6600.
2020 347  3   -0.4    3.3  -2.9  433.   3.0    7763.
2020 347  4   -0.4    3.3  -2.8  440.   2.5   10526.
2020 347  5   -0.4    3.4  -2.7  443.   2.2   28112.
2020 347  6   -0.4    3.4  -2.6  435.   3.1   30702.
2020 347  7   -0.4    3.4  -2.9  431.   2.9   39242.
2020 347  8   -0.4    3.5  -2.6  427.   4.0   27283.
2020 347  9   -0.4    3.5  -1.9  418.   5.4   21028.
2020 347 10   -0.5    3.6  -1.7  414.   5.5   24163.
2020 347 11   -0.5    3.6  -1.1  418.   4.5   29816.
2020 347 12   -0.5    3.6  -1.2  417.   4.5   28812.
2020 347 13   -0.5    3.7  -2.7  409.   4.7   21746.
2020 347 14   -0.5    3.7  -2.9  402.   5.9   15935.
2020 347 15   -0.5    3.8  -3.1  405.   4.5   13410.
2020 347 16   -0.5    3.8  -2.7  404.   5.7   16712.
2020 347 17   -0.5    3.9  -3.2  401.   5.8   19028.
2020 347 18   -0.5    3.9  -3.0  399.   6.9   24527.
2020 347 19   -0.5    3.9  -3.5  388.   5.1   21457.
2020 347 20   -0.5    4.0  -3.6  379.   4.0   15615.
2020 347 21   -0.5    4.0  -3.1  378.   5.4   16457.
2020 347 22   -0.5    4.1  -1.9  382.   7.1   26522.
2020 347 23   -0.5    4.1  -2.8  386.   5.8   26951.
2020 348  0   -0.5    4.1  -3.0  397.   4.6   18483.
2020 348  1   -0.5    4.2  -3.5  388.   5.2   14222.
2020 348  2   -0.5    4.2  -3.6  387.   4.8   10854.
2020 348  3   -0.5    4.3  -2.9  374.   4.7   11150.
2020 348  4   -0.5    4.3  -3.7  380.   4.5   17161.
2020 348  5   -0.6    4.4  -4.6  376.   4.1   35137.
2020 348  6   -0.6    4.4  -4.4  373.   4.2   27220.
2020 348  7   -0.6    4.4  -4.3  371.   4.3   20750.
2020 348  8   -0.6    4.5  -3.7  368.   4.1   21386.
2020 348  9   -0.6    4.5  -3.1  359.   4.3    9280.
2020 348 10   -0.6    4.6  -2.9  361.   4.1   10732.
2020 348 11   -0.6    4.6  -2.7  363.   3.8   30440.
2020 348 12   -0.6    4.7  -3.8  351.   3.6   26978.
2020 348 13   -0.6    4.7  -3.7  348.   4.1   24363.
2020 348 14   -0.6    4.7  -3.6  344.   3.9   18905.
2020 348 15   -0.6    4.8  -4.2  349.   3.4   25631.
2020 348 16   -0.6    4.8  -2.3  357.   6.7   24169.
2020 348 17   -0.6    4.9  -3.0  352.   6.4   25718.
2020 348 18   -0.6    4.9  -2.9  353.   5.6   20771.
2020 348 19   -0.6    4.9  -3.4  345.   6.5   15963.
2020 348 20   -0.6    5.0  -3.0  344.   6.5   15665.
2020 348 21   -0.6    5.0  -2.9  342.   6.1   15431.
2020 348 22   -0.6    5.1  -3.1  342.   5.1   21642.
2020 348 23   -0.6    5.1  -2.3  355.   4.4   30181.
2020 349  0   -0.7    5.2   0.9  350.   5.8   34539.
2020 349  1   -0.7    5.2  -0.9  352.   5.1   36206.
2020 349  2   -0.7    5.2  -1.3  356.   4.7   37908.
2020 349  3   -0.7    5.3  -2.2  358.   4.5   35762.
2020 349  4   -0.7    5.3  -2.9  353.   5.1   33572.
2020 349  5   -0.7    5.4  -1.5  357.   5.8   36637.
2020 349  6   -0.7    5.4  -0.8  360.   6.0   35006.
2020 349  7   -0.7    5.5  -2.3  354.   5.7   33509.
2020 349  8   -0.7    5.5  -3.4  344.   3.7   19056.
2020 349  9   -0.7    5.5  -3.7  341.   4.4   20143.
2020 349 10   -0.7    5.6  -3.6  337.   4.3   19853.
2020 349 11   -0.7    5.6  -3.8  335.   4.6   21944.
2020 349 12   -0.7    5.7  -4.0  336.   4.4   19324.
2020 349 13   -0.7    5.7  -4.1  348.   6.7   30399.
2020 349 14   -0.7    5.7  -4.1  356.   7.9   27078.
2020 349 15   -0.7    5.8  -3.1  361.   9.1   31912.
2020 349 16   -0.7    5.8  -2.1  364.  10.3   33401.
2020 349 17   -0.7    5.9  -3.9  352.   6.8   40609.
2020 349 18   -0.8    5.9  -1.8  358.  10.7   36849.
2020 349 19   -0.8    6.0   0.4  355.   8.6   32293.
2020 349 20   -0.8    6.0   3.1  346.   2.7   26961.
2020 349 21   -0.8    6.0   2.2  348.   3.1   38275.
2020 349 22   -0.8    6.1   2.5  343.   3.2   36997.
2020 349 23   -0.8    6.1   3.0  342.   3.6   37876.
2020 350  0   -0.8    6.2   3.1  340.   3.9   38924.
2020 350  1   -0.8    6.2   3.4  343.   3.8   50244.
2020 350  2   -0.8    6.3   2.8  343.   2.9   30302.
2020 350  3   -0.8    6.3   2.6  343.   2.7   31664.
2020 350  4   -0.8    6.3   1.7  342.   3.6   34434.
2020 350  5   -0.8    6.4   0.1  341.   4.4   42047.
2020 350  6   -0.8    6.4   0.3  337.   4.6   40288.
2020 350  7   -0.8    6.5   2.6  336.   3.3   18770.
2020 350  8   -0.8    6.5   2.7  336.   3.8   23775.
2020 350  9   -0.8    6.5   2.0  339.   3.7   39646.
2020 350 10   -0.8    6.6   0.8  339.   2.4   18193.
2020 350 11   -0.8    6.6   1.1  336.   3.3   22390.
2020 350 12   -0.8    6.7   1.1  329.   5.0   33326.
2020 350 13   -0.9    6.7  -0.2  310.   6.5   19271.
2020 350 14   -0.9    6.8  -0.6  305.   6.6   20553.
2020 350 15   -0.9    6.8  -1.6  295.   7.9   20394.
2020 350 16   -0.9    6.8  -0.7  293.   9.2   19525.
2020 350 17   -0.9    6.9  -1.5  290.   9.9   16764.
2020 350 18   -0.9    6.9  -2.2  288.  10.4   17133.
2020 350 19   -0.9    7.0  -3.1  287.  11.5   16605.
2020 350 20   -0.9    7.0  -3.0  283.  12.0   16749.
2020 350 21   -0.9    7.1  -2.8  282.  11.7   17089.
2020 350 22   -0.9    7.1  -2.8  278.  11.7   18711.
2020 350 23   -0.9    7.1  -3.3  276.  10.7   18053.
2020 351  0   -0.9    7.2  -2.6  275.  12.2   20255.
2020 351  1   -0.9    7.2  -2.1  282.  11.0   20235.
2020 351  2   -0.9    7.3  -1.3  290.  12.0   14237.
2020 351  3   -0.9    7.3  -2.6  289.   7.0   16706.
2020 351  4   -0.9    7.3  -1.5  290.  11.9   13196.
2020 351  5   -0.9    7.4  -1.9  290.  10.9   12339.
2020 351  6   -0.9    7.4  -1.0  287.  12.7    9928.
2020 351  7   -0.9    7.5  -0.7  285.  14.0    9962.
2020 351  8   -1.0    7.5  -0.7  285.  14.7   11632.
2020 351  9   -1.0    7.6  -1.4  283.  15.2   11724.
2020 351 10   -1.0    7.6  -2.4  282.  16.7   12701.
2020 351 11   -1.0    7.6  -3.2  278.  15.5   12784.
2020 351 12   -1.0    7.7  -3.7  280.  13.6   11908.
2020 351 13   -1.0    7.7  -3.3  285.  12.8   14700.
2020 351 14   -1.0    7.8  -4.2  289.  11.7   14426.
2020 351 15   -1.0    7.8  -3.5  286.  12.1   16284.
2020 351 16   -1.0    7.8  -2.9  287.  11.6   16581.
2020 351 17   -1.0    7.9  -3.0  284.  12.0   20355.
2020 351 18   -1.0    7.9  -2.0  284.  13.5   16406.
2020 351 19   -1.0    8.0   0.8  273.  12.7   17784.
2020 351 20   -1.0    8.0   2.8  268.   8.6   14809.
2020 351 21   -1.0    8.1   2.2  276.   9.0   18038.
2020 351 22   -1.0    8.1   2.4  275.   8.9   15020.
2020 351 23   -1.0    8.1   2.3  276.   8.8   13111.
2020 352  0   -1.0    8.2   1.6  279.   9.1   16904.
2020 352  1   -1.0    8.2   3.4  267.   7.9   16536.
2020 352  2   -1.0    8.3   2.4  270.   9.3   20060.
2020 352  3   -1.1    8.3   0.3  276.  10.2   25167.
2020 352  4   -1.1    8.4   1.6  278.   9.3   22330.
2020 352  5   -1.1    8.4   1.3  278.  11.7   24002.
2020 352  6   -1.1    8.4   0.3  284.  12.6   23122.
2020 352  7   -1.1    8.5   1.6  278.  12.5   22047.
2020 352  8   -1.1    8.5   0.3  282.  12.7   23703.
2020 352  9   -1.1    8.6   2.2  282.  11.2   22163.
2020 352 10   -1.1    8.6   2.7  279.  11.1   19330.
2020 352 11   -1.1    8.6   4.0  277.  10.2   21226.
2020 352 12   -1.1    8.7   3.2  276.   9.8   24756.
2020 352 13   -1.1    8.7   3.2  272.   9.3   21433.
2020 352 14   -1.1    8.8   2.8  272.   9.8   22734.
2020 352 15   -1.1    8.8   2.6  284.  10.6   19657.
2020 352 16   -1.1    8.9   2.9  288.  10.8   20607.
2020 352 17   -1.1    8.9   3.4  284.   9.8   18753.
2020 352 18   -1.1    8.9   2.7  284.  10.3   18896.
2020 352 19   -1.1    9.0   1.4  286.  10.1   19513.
2020 352 20   -1.1    9.0   0.8  285.  11.5   20375.
2020 352 21   -1.1    9.1   0.1  282.  11.8   19228.
2020 352 22   -1.2    9.1   1.6  272.   9.8   18713.
2020 352 23   -1.2    9.2   1.2  271.  10.2   21487.
2020 353  0   -1.2    9.2   2.5  261.   7.7   20297.
2020 353  1   -1.2    9.2   2.7  263.   8.1   19872.
2020 353  2   -1.2    9.3   2.1  267.   9.7   23739.
2020 353  3   -1.2    9.3   1.0  277.  12.4   29548.
2020 353  4   -1.2    9.4   2.4  277.  12.1   24584.
2020 353  5   -1.2    9.4   2.1  281.  14.0   26943.
2020 353  6   -1.2    9.4   0.5  286.  13.3   27873.
2020 353  7   -1.2    9.5   1.1  284.  13.4   27382.
2020 353  8   -1.2    9.5   2.2  281.  13.8   26640.
2020 353  9   -1.2    9.6   1.8  284.  14.1   26008.
2020 353 10   -1.2    9.6   1.1  287.  13.0   20356.
2020 353 11   -1.2    9.7   1.8  292.  12.0   24356.
2020 353 12   -1.2    9.7   2.5  291.  11.4   27877.
2020 353 13   -1.2    9.7   2.0  288.  13.1   28229.
2020 353 14   -1.2    9.8   1.4  289.  12.2   27113.
2020 353 15   -1.2    9.8  -0.2  291.  12.7   34785.
2020 353 16   -1.2    9.9   0.4  293.  13.3   37106.
2020 353 17   -1.3    9.9   1.2  291.  13.0   32276.
2020 353 18   -1.3   10.0   0.9  294.  13.1   30408.
2020 353 19   -1.3   10.0   2.1  291.  12.9   26579.
2020 353 20   -1.3   10.0   2.6  290.  12.9   27456.
2020 353 21   -1.3   10.1   2.7  288.  12.9   27198.
2020 353 22   -1.3   10.1   1.7  291.  12.0   30084.
2020 353 23   -1.3   10.2   3.3  286.  12.6   23631.
2020 354  0   -1.3   10.2   4.1  288.  14.2   18535.
2020 354  1   -1.3   10.2   4.8  284.  15.0   21726.
2020 354  2   -1.3   10.3   4.3  284.  14.7   25769.
2020 354  3   -1.3   10.3   3.0  288.  17.7   30099.
2020 354  4   -1.3   10.4   2.5  290.  15.8   30687.
2020 354  5   -1.3   10.4   2.4  292.  17.0   26138.
2020 354  6   -1.3   10.5   1.6  292.  19.0   24587.
2020 354  7   -1.3   10.5   4.1  297.  13.8   36288.
2020 354  8   -1.3   10.5   4.0  301.  16.6   21622.
2020 354  9   -1.3   10.6   5.9  319.  31.8   25099.
2020 354 10   -1.3   10.6   6.1  316.  23.2   44174.
2020 354 11   -1.3   10.7   5.4  325.  25.2   47160.
2020 354 12   -1.4   10.7   4.6  334.  20.2   67278.
2020 354 13   -1.4   10.8   3.6  335.  19.1   74895.
2020 354 14   -1.4   10.8   3.4  332.  15.9   67446.
2020 354 15   -1.4   10.8   3.2  328.  12.1   74982.
2020 354 16   -1.4   10.9   3.8  323.   8.6   75045.
2020 354 17   -1.4   10.9   3.4  321.   7.1   71001.
2020 354 18   -1.4   11.0   4.3  327.   5.8   61948.
2020 354 19   -1.4   11.0  -0.0  370.   9.0  110987.
2020 354 20   -1.4   11.0   3.2  359.   8.2  103069.
2020 354 21   -1.4   11.1   5.6  347.   7.4  100128.
2020 354 22   -1.4   11.1   5.2  335.   7.0   86227.
2020 354 23   -1.4   11.2   5.1  334.   4.7   75933.
2020 355  0   -1.4   11.2   4.0  339.   3.5   69706.
2020 355  1   -1.4   11.3   1.4  367.   3.8  138131.
2020 355  2   -1.4   11.3   2.1  387.   4.2  132763.
2020 355  3   -1.4   11.3   3.6  381.   3.4   87265.
2020 355  4   -1.4   11.4   3.6  383.   3.2   78188.
2020 355  5   -1.4   11.4   3.5  385.   3.3   60580.
2020 355  6   -1.4   11.5   3.0  380.   2.9   49303.
2020 355  7   -1.5   11.5   2.3  359.   3.2   52734.
2020 355  8   -1.5   11.6   3.4  353.   2.3   50504.
2020 355  9   -1.5   11.6   3.3  347.   2.3   69228.
2020 355 10   -1.5   11.6   3.3  354.   2.2   63266.
2020 355 11   -1.5   11.7   1.0  365.   2.2   41206.
2020 355 12   -1.5   11.7   1.6  362.   2.4   39301.
2020 355 13   -1.5   11.8   2.0  360.   4.0   60876.
2020 355 14   -1.5   11.8   1.7  361.   5.0   64657.
2020 355 15   -1.5   11.8   2.4  364.   5.5   63622.
2020 355 16   -1.5   11.9   1.6  372.   5.8   57298.
2020 355 17   -1.5   11.9   1.3  377.   5.9   45376.
2020 355 18   -1.5   12.0   1.3  374.   5.5   38153.
2020 355 19   -1.5   12.0   0.3  377.   6.1   40448.
2020 355 20   -1.5   12.1  -0.6  378.   6.4   36001.
2020 355 21   -1.5   12.1   0.8  377.   6.1   49012.
2020 355 22   -1.5   12.1   3.1  378.   4.4   45521.
2020 355 23   -1.5   12.2   2.8  376.   6.0   40954.
2020 356  0   -1.5   12.2   2.3  377.   6.8   46462.
2020 356  1   -1.5   12.3   1.6  380.   7.9   54061.
2020 356  2   -1.6   12.3  -1.0  378.   9.1   44809.
2020 356  3   -1.6   12.4   2.2  376.   8.9   45918.
2020 356  4   -1.6   12.4   2.0  371.   9.0   34699.
2020 356  5   -1.6   12.4   1.9  375.  10.7   23292.
2020 356  6   -1.6   12.5  -0.1  382.   9.5   19532.
2020 356  7   -1.6   12.5  -0.3  377.   9.7   12860.
2020 356  8   -1.6   12.6   0.1  374.  13.2   14682.
2020 356  9   -1.6   12.6  -0.5  374.  20.6   16914.
2020 356 10   -1.6   12.6  -0.3  378.  10.3   13063.
2020 356 11   -1.6   12.7  -0.6  374.   8.6   18968.
2020 356 12   -1.6   12.7  -0.4  376.   9.9   28810.
2020 356 13   -1.6   12.8  -1.3  371.   9.7   35317.
2020 356 14   -1.6   12.8  -2.7  383.  11.6   84344.
2020 356 15   -1.6   12.9  -5.0  386.   5.3  145689.
2020 356 16   -1.6   12.9  -5.8  381.   5.2  137948.
2020 356 17   -1.6   12.9  -5.4  376.   6.0  145699.
2020 356 18   -1.6   13.0  -5.3  375.   5.3  125229.
2020 356 19   -1.6   13.0   0.1  383.   9.0  111318.
2020 356 20   -1.6   13.1   0.5  383.   7.7  138573.
2020 356 21   -1.7   13.1  -2.2  388.   8.5  153502.
2020 356 22   -1.7   13.2  -1.3  402.  27.5   83057.
2020 356 23   -1.7   13.2  -3.0  407.  48.3   75202.
2020 357  0   -1.7   13.2   2.3  449.  17.4  193305.
2020 357  1   -1.7   13.3   2.0  479.  14.2  354187.
2020 357  2   -1.7   13.3   2.6  530.   9.5  336147.
2020 357  3   -1.7   13.4   4.3  551.   5.8  267394.
2020 357  4   -1.7   13.4   5.0  552.   5.3  202743.
2020 357  5   -1.7   13.4   3.1  554.   5.5  212663.
2020 357  6   -1.7   13.5   1.8  555.   5.7  211224.
2020 357  7   -1.7   13.5   6.0  525.   4.8  166606.
2020 357  8   -1.7   13.6   4.7  496.   4.2  160239.
2020 357  9   -1.7   13.6   4.3  490.   4.0  138471.
2020 357 10   -1.7   13.7   1.7  466.   3.7  124392.
2020 357 11   -1.7   13.7   2.9  521.   3.9  153555.
2020 357 12   -1.7   13.7   2.2  551.   4.8  193617.
2020 357 13   -1.7   13.8   2.0  545.   4.5  173782.
2020 357 14   -1.7   13.8  -3.5  548.   3.7  145936.
2020 357 15   -1.7   13.9   3.0  538.   4.7  166620.
2020 357 16   -1.8   13.9   2.4  542.   5.0  159748.
2020 357 17   -1.8   14.0   3.5  547.   4.9  147649.
2020 357 18   -1.8   14.0   3.2  553.   3.2  161840.
2020 357 19   -1.8   14.0   5.0  555.   2.3  136276.
2020 357 20   -1.8   14.1   2.7  564.   2.8  148399.
2020 357 21   -1.8   14.1   0.7  569.   3.2  164838.
2020 357 22   -1.8   14.2   0.7  570.   3.5  175165.
2020 357 23   -1.8   14.2   2.5  553.   3.5  146212.
2020 358  0   -1.8   14.2  -1.3  556.   3.9  160253.
2020 358  1   -1.8   14.3   1.4  543.   4.5  190045.
2020 358  2   -1.8   14.3  -0.8  549.   4.5  188932.
2020 358  3   -1.8   14.4   1.2  548.   4.9  226611.
2020 358  4   -1.8   14.4   3.2  549.   4.3  217527.
2020 358  5   -1.8   14.5   0.8  585.   3.7  224459.
2020 358  6   -1.8   14.5   2.1  602.   2.5  163962.
2020 358  7   -1.8   14.5   2.3  603.   2.7  170491.
2020 358  8   -1.8   14.6   0.3  612.   2.9  157992.
2020 358  9   -1.8   14.6  -3.1  634.   2.8  152316.
2020 358 10   -1.8   14.7  -1.3  629.   3.1  171954.
2020 358 11   -1.9   14.7   0.0  617.   2.9  181963.
2020 358 12   -1.9   14.8   0.5  611.   2.9  180302.
2020 358 13   -1.9   14.8   2.6  592.   3.0  165404.
2020 358 14   -1.9   14.8   4.4  567.   2.5  134299.
2020 358 15   -1.9   14.9   3.2  563.   2.7  125274.
2020 358 16   -1.9   14.9   3.6  551.   2.8  124288.
2020 358 17   -1.9   15.0   3.9  535.   2.8  117337.
2020 358 18   -1.9   15.0   4.0  515.   2.9  117282.
2020 358 19   -1.9   15.1   3.4  519.   3.1  139260.
2020 358 20   -1.9   15.1   3.7  523.   2.9  114034.
2020 358 21   -1.9   15.1   3.9  523.   3.2  105036.
2020 358 22   -1.9   15.2   4.0  531.   3.1  114402.
2020 358 23   -1.9   15.2   2.4  543.   3.6  128580.
2020 359  0   -1.9   15.3   1.8  546.   3.4  127403.
2020 359  1   -1.9   15.3   3.6  540.   3.1  113577.
2020 359  2   -1.9   15.3   3.0  544.   3.1  108374.
2020 359  3   -1.9   15.4   2.3  548.   3.2  122061.
2020 359  4   -1.9   15.4   2.7  545.   3.3  117852.
2020 359  5   -1.9   15.5   1.8  555.   3.4  119556.
2020 359  6   -1.9   15.5   2.0  548.   3.2  109520.
2020 359  7   -2.0   15.6   1.8  549.   2.6  106874.
2020 359  8   -2.0   15.6   2.1  569.   2.9  136448.
2020 359  9   -2.0   15.6   1.2  580.   3.0  163482.
2020 359 10   -2.0   15.7   2.9  574.   2.8  150778.
2020 359 11   -2.0   15.7   0.5  579.   2.8  141913.
2020 359 12   -2.0   15.8   1.8  578.   2.9  135433.
2020 359 13   -2.0   15.8   2.5  573.   2.8  127018.
2020 359 14   -2.0   15.9   3.6  561.   2.8  125063.
2020 359 15   -2.0   15.9   2.5  561.   3.1  117224.
2020 359 16   -2.0   15.9   3.0  551.   2.8  111476.
2020 359 17   -2.0   16.0   2.8  549.   2.5   91073.
2020 359 18   -2.0   16.0   3.3  539.   2.1   73921.
2020 359 19   -2.0   16.1   2.6  540.   2.3   88458.
2020 359 20   -2.0   16.1   2.2  535.   2.4   93187.
2020 359 21   -2.0   16.1   1.9  526.   2.5   87513.
2020 359 22   -2.0   16.2   2.2  521.   2.5   94874.
2020 359 23   -2.0   16.2   1.7  521.   2.7  100493.
2020 360  0   -2.0   16.3   0.5  523.   3.3  108122.
2020 360  1   -2.0   16.3   0.1  516.   3.2   97055.
2020 360  2   -2.1   16.4   3.1  503.   3.0   91069.
2020 360  3   -2.1   16.4   2.8  507.   2.9   94578.
2020 360  4   -2.1   16.4   3.7  508.   2.5   89078.
2020 360  5   -2.1   16.5   3.3  511.   3.0   94427.
2020 360  6   -2.1   16.5   3.1  501.   3.2  102088.
2020 360  7   -2.1   16.6   1.1  505.   3.1   95862.
2020 360  8   -2.1   16.6   1.3  503.   2.9   85714.
2020 360  9   -2.1   16.7   3.2  503.   2.8   72416.
2020 360 10   -2.1   16.7   2.4  494.   3.5   99064.
2020 360 11   -2.1   16.7   1.5  491.   3.7   87760.
2020 360 12   -2.1   16.8   1.9  479.   3.9   83765.
2020 360 13   -2.1   16.8   2.4  472.   4.0   89192.
2020 360 14   -2.1   16.9   0.7  469.   4.4   83413.
2020 360 15   -2.1   16.9   1.4  464.   5.1   79670.
2020 360 16   -2.1   16.9   3.2  458.   5.0   76303.
2020 360 17   -2.1   17.0   2.5  455.   4.4   72903.
2020 360 18   -2.1   17.0   3.6  444.   3.6   64960.
2020 360 19   -2.1   17.1   2.8  446.   3.5   66437.
2020 360 20   -2.1   17.1   2.0  446.   3.4   76538.
2020 360 21   -2.1   17.2   3.4  445.   2.7   70889.
2020 360 22   -2.2   17.2   2.6  434.   2.9   78799.
2020 360 23   -2.2   17.2   2.2  434.   2.9   77667.
