Listing for omni2 data from 20150621 to 20150625

Selected parameters:
 1 BX, nT (GSE, GSM)
 2 BY, nT (GSE)
 3 BZ, nT (GSE)
 4 SW Plasma Temperature, K
 5 SW Proton Density, N/cm^3
 6 SW Plasma Speed, km/s

YEAR DOY HR    1     2     3        4     5     6 
2015 172  0   0.9   4.2  -0.7   14905.   8.6  305.
2015 172  1  -3.0   2.9   0.5   12029.   7.1  288.
2015 172  2  -3.6   2.9   0.8    7695.   7.2  290.
2015 172  3  -2.6   2.6   0.2    8297.   8.1  298.
2015 172  4  -1.8   1.9   0.4   11859.   9.2  297.
2015 172  5  -2.5   1.4   0.1   14558.   8.9  295.
2015 172  6  -3.4   1.4  -0.1   14363.   8.4  287.
2015 172  7  -2.0   0.9  -0.0   11791.  10.2  294.
2015 172  8  -2.5   1.4  -0.2   11128.  10.1  286.
2015 172  9  -1.9   1.6  -0.2   11124.  10.7  284.
2015 172 10  -1.4   3.1  -0.4    9586.  10.6  281.
2015 172 11  -1.3   2.8  -1.0    7939.  10.9  279.
2015 172 12  -0.9   0.9  -0.2   10591.  10.6  283.
2015 172 13  -1.5  -0.3  -0.3   10098.  11.1  283.
2015 172 14  -1.5  -0.4  -0.1    9756.  11.4  282.
2015 172 15  -1.5   0.0   0.5    9925.  12.0  282.
2015 172 16  -1.6   0.6   0.4   10513.  14.5  284.
2015 172 17  -0.5  -0.3   1.2   35710.  35.6  333.
2015 172 18   5.4  -6.4   0.4   42467.  35.8  345.
2015 172 19   4.9  -4.4  -0.5   45099.  41.7  342.
2015 172 20   3.9  -4.8   5.3   51544.  31.6  340.
2015 172 21   4.4  -5.0   1.4   51364.  32.5  342.
2015 172 22  -6.4   5.6   4.4   62182.  24.1  349.
2015 172 23  -6.7   6.9   5.4   63669.  14.7  339.
2015 173  0  -7.9   7.3   1.3   60720.  11.0  336.
2015 173  1  -6.6   7.2   4.2   81341.  10.1  348.
2015 173  2  -6.9   6.6   3.4   70908.   9.1  343.
2015 173  3  -7.0   5.4   2.7   72339.   9.2  345.
2015 173  4  -6.8   5.1   2.0   74872.   8.7  345.
2015 173  5  -4.9   4.5  -2.0   93501.  10.3  358.
2015 173  6  -8.0  10.1  -3.1  166171.  24.1  414.
2015 173  7  -6.6   8.8   2.5  195485.  22.7  422.
2015 173  8  -5.9   9.6  -4.3  197396.  21.4  419.
2015 173  9  -5.8   7.0   0.9  242597.  19.7  416.
2015 173 10  -6.9   5.3   5.2  259315.  16.6  406.
2015 173 11  -6.3   3.3   5.4  301701.  17.3  432.
2015 173 12  -6.6  -0.6   3.6  276443.  17.1  435.
2015 173 13  -8.0   4.9  -1.2  264206.  15.7  424.
2015 173 14  -2.4  -1.6  -7.1  218338.  14.5  437.
2015 173 15  -2.9  -3.1  -8.6  206127.  13.4  430.
2015 173 16  -2.6  -7.7   2.9  205741.  13.2  436.
2015 173 17  -0.6  -6.1  -2.1  212122.  13.2  446.
2015 173 18  -1.4  -9.4  -6.9  418592.  24.4  524.
2015 173 19   1.9  -1.7 -26.3  674965.  40.4  673.
2015 173 20 -22.4  25.6  12.1  436414.  36.6  628.
2015 173 21 -12.6  20.4   1.6 1111324.  33.7  653.
2015 173 22  -3.9   5.8  12.4  907922.  33.9  659.
2015 173 23  -2.4  15.6  11.2 1122590.  28.1  649.
2015 174  0   0.7   4.2  14.8  851298.  23.0  652.
2015 174  1  -5.2  11.5  -1.2  617416.  11.1  712.
2015 174  2   2.7   9.2 -23.1  309282.   6.6  725.
2015 174  3   6.8   7.5 -21.9  245938.   3.7  742.
2015 174  4   7.5   6.3 -20.8  211463.   2.8  702.
2015 174  5   3.8   1.3  -1.0  282373.   3.1  684.
2015 174  6 -10.9  -7.2  15.6  290564.   2.3  654.
2015 174  7  -1.3  -1.0   3.6  494248.   2.5  663.
2015 174  8   9.7   3.5 -10.7  209856.   1.5  669.
2015 174  9  11.0   6.0 -13.6  294321.   0.3  641.
2015 174 10   9.0   7.1 -12.6   65582.   0.2  652.
2015 174 11   7.1   7.6 -10.8  291937.   0.6  640.
2015 174 12  -2.5   1.0  -0.7  311024.   2.7  568.
2015 174 13   1.2   0.7   2.4  271307.   4.5  593.
2015 174 14   5.8   3.0   5.2  236512.   4.6  586.
2015 174 15   6.3   4.8   9.2  161683.   2.0  589.
2015 174 16   3.9   5.6   9.6  222127.   1.3  601.
2015 174 17   5.6   4.0   9.2  257903.   1.1  589.
2015 174 18   6.4   6.7   5.0   58191.   3.1  579.
2015 174 19   1.2   2.2   1.9  156325.   5.4  570.
2015 174 20   5.2   8.3  -2.7   68692.   1.8  581.
2015 174 21   4.9   8.3  -3.1   74126.   2.0  559.
2015 174 22   6.4   7.4   1.2   94345.   1.2  547.
2015 174 23   3.3   7.6  -0.9  191096.   1.2  558.
2015 175  0  -4.5  -4.4  -2.6   27345.   1.5  590.
2015 175  1  -4.1  -5.3   0.1   41213.   1.2  579.
2015 175  2  -3.9  -4.0  -2.3   79888.   1.2  597.
2015 175  3  -3.1  -2.6  -3.5   79162.   1.2  601.
2015 175  4  -3.7  -3.4  -1.9   93536.   1.2  586.
2015 175  5  -4.2  -1.5  -2.5  116541.   1.3  578.
2015 175  6  -3.7  -0.8  -3.6  104559.   1.3  578.
2015 175  7  -4.4  -1.5  -2.4   77195.   1.2  559.
2015 175  8  -4.4  -0.5  -2.4   68099.   1.2  560.
2015 175  9  -5.1  -0.1  -1.2   83606.   1.4  541.
2015 175 10  -3.8  -0.9  -3.3   71761.   1.5  544.
2015 175 11  -4.0   1.8  -2.0   64140.   1.4  549.
2015 175 12  -4.1   1.3  -0.1   49200.   1.0  552.
2015 175 13  -5.1   3.5   0.6   88039.   1.2  590.
2015 175 14  -4.3   8.9   1.7  301588.   3.6  737.
2015 175 15  -6.5   5.3   3.3  353454.   3.8  701.
2015 175 16  -5.9   5.4   2.9  383217.   4.1  706.
2015 175 17  -7.0   3.9   3.2  378684.   2.6  693.
2015 175 18  -7.3   4.5   2.0  446552.   2.6  691.
2015 175 19  -8.2   4.5   1.7  273670.   3.5  666.
2015 175 20  -7.7   3.4   2.2  389465.   2.6  658.
2015 175 21  -6.9   3.9   2.3  293168.   2.2  640.
2015 175 22  -7.1   4.1   1.1  388455.   2.3  635.
2015 175 23  -9.1   0.8   0.7  800003.   2.8  640.
2015 176  0  -8.2   3.6   1.0  489526.   3.4  637.
2015 176  1  -6.7   4.0   3.5  398686.   4.8  631.
2015 176  2  -1.4   3.6   6.2  223818.   6.1  621.
2015 176  3  -4.3   3.0   5.3  201004.   5.5  596.
2015 176  4  -4.7   2.8   2.2  223764.   5.1  595.
2015 176  5  -5.1  -0.9   4.4  227611.   6.0  600.
2015 176  6  -2.9   7.3   0.1  233435.   7.0  620.
2015 176  7   3.4   5.6  -0.9  224966.   6.0  652.
2015 176  8  -1.0  -7.5   0.9  200370.   6.2  642.
2015 176  9   1.0   1.3  -0.9  145436.   5.6  663.
2015 176 10  -3.8 -10.3  -6.4   49218.   3.6  641.
2015 176 11  -5.9  -9.5  -4.7   26245.   4.2  636.
2015 176 12   0.4  -2.1  -6.1   99123.   8.6  628.
2015 176 13  -1.2  -2.1  -7.2   92267.   7.4  616.
2015 176 14  -0.2  -0.9  -2.4  133135.   4.9  600.
2015 176 15   0.2  -1.9  -2.0  113699.   3.3  592.
2015 176 16   0.8  -1.2  -0.2   71606.   2.7  591.
2015 176 17   1.4  -2.6  -2.4   43394.   2.4  585.
2015 176 18  -0.2  -2.5  -3.0   46594.   2.6  559.
2015 176 19   1.8  -0.2  -2.1   66012.   2.1  568.
2015 176 20   2.8   0.3  -0.9   44551.   2.0  554.
2015 176 21   2.8   0.5   0.1   49572.   2.4  547.
2015 176 22   2.8  -0.2  -0.4   43779.   2.1  545.
2015 176 23   2.6  -1.7  -1.9   47554.   1.7  534.


