2021 294  0    5.5  310.8  -4.3  511.   5.4  168975.
2021 294  1    5.5  310.8  -1.2  554.   5.1  233005.
2021 294  2    5.5  310.8  -3.3  542.   4.6  235963.
2021 294  3    5.5  310.9  -4.7  530.   5.2  225819.
2021 294  4    5.5  310.9  -4.5  530.   5.2  180744.
2021 294  5    5.5  311.0   1.3  529.   4.3  174215.
2021 294  6    5.5  311.0  -0.8  534.   4.3  180824.
2021 294  7    5.5  311.1  -1.4  537.   4.3  167539.
2021 294  8    5.5  311.1  -3.3  530.   4.3  147959.
2021 294  9    5.5  311.1  -4.3  516.   4.5  124338.
2021 294 10    5.5  311.2  -5.6  513.   3.5  123135.
2021 294 11    5.5  311.2  -5.6  512.   3.3  102690.
2021 294 12    5.5  311.3  -4.1  512.   3.7  149139.
2021 294 13    5.5  311.3  -4.7  489.   3.5  120446.
2021 294 14    5.5  311.3  -3.5  480.   4.5  144683.
2021 294 15    5.5  311.4   1.1  497.   3.7  144111.
2021 294 16    5.4  311.4   0.4  517.   2.7  116479.
2021 294 17    5.4  311.5  -0.3  517.   2.4  114232.
2021 294 18    5.4  311.5   0.9  518.   2.5  115479.
2021 294 19    5.4  311.5  -0.0  513.   2.3  115377.
2021 294 20    5.4  311.6  -0.3  492.   2.1   91094.
2021 294 21    5.4  311.6  -2.0  487.   2.1   71427.
2021 294 22    5.4  311.7  -1.6  486.   2.4  103714.
2021 294 23    5.4  311.7  -2.5  486.   2.1   88222.
2021 295  0    5.4  311.8  -1.2  484.   2.2   99298.
2021 295  1    5.4  311.8  -2.7  468.   1.6   73738.
2021 295  2    5.4  311.8  -3.1  458.   1.3   53608.
2021 295  3    5.4  311.9  -3.2  462.   1.4   43537.
2021 295  4    5.4  311.9  -2.7  461.   1.9   67840.
2021 295  5    5.4  312.0  -2.4  452.   2.0   69324.
2021 295  6    5.4  312.0  -2.3  456.   2.1   75445.
2021 295  7    5.4  312.0  -2.2  449.   2.0   67739.
2021 295  8    5.4  312.1  -2.7  439.   1.9   51036.
2021 295  9    5.4  312.1  -2.1  444.   2.6   43279.
2021 295 10    5.4  312.2  -2.0  454.   2.8   44608.
2021 295 11    5.4  312.2   0.7  459.   3.3   52037.
2021 295 12    5.4  312.3   1.9  471.   3.1   58844.
2021 295 13    5.4  312.3   2.6  475.   2.8   56164.
2021 295 14    5.4  312.3   1.2  474.   2.9   76738.
2021 295 15    5.4  312.4   0.7  477.   2.9   94092.
2021 295 16    5.4  312.4   2.9  483.   2.8   75122.
2021 295 17    5.4  312.5   0.5  461.   3.1   77387.
2021 295 18    5.4  312.5  -1.6  457.   2.8   55727.
2021 295 19    5.4  312.5  -2.2  457.   3.0   60872.
2021 295 20    5.4  312.6  -2.9  449.   3.9   85275.
2021 295 21    5.3  312.6  -2.4  441.   3.5   80592.
2021 295 22    5.3  312.7  -2.3  436.   3.1   76787.
2021 295 23    5.3  312.7  -1.2  449.   2.7   62888.
2021 296  0    5.3  312.8  -0.3  455.   2.5   61808.
2021 296  1    5.3  312.8   0.5  458.   2.8   59853.
2021 296  2    5.3  312.8  -2.0  439.   3.2   54948.
2021 296  3    5.3  312.9  -1.2  446.   3.1   64959.
2021 296  4    5.3  312.9  -2.1  442.   2.8   60833.
2021 296  5    5.3  313.0  -2.1  439.   2.7   58370.
2021 296  6    5.3  313.0  -1.7  451.   2.4   56181.
2021 296  7    5.3  313.0  -2.1  449.   2.3   50062.
2021 296  8    5.3  313.1  -2.4  441.   2.4   52234.
2021 296  9    5.3  313.1  -2.4  428.   2.1   46923.
2021 296 10    5.3  313.2  -1.7  423.   2.5   55305.
2021 296 11    5.3  313.2  -0.8  405.   3.2   49961.
2021 296 12    5.3  313.3  -0.3  390.   3.7   49025.
2021 296 13    5.3  313.3  -1.5  374.   3.9   49052.
2021 296 14    5.3  313.3  -1.5  372.   4.1   44037.
2021 296 15    5.3  313.4  -1.3  366.   4.4   42127.
2021 296 16    5.3  313.4  -1.5  362.   4.2   38343.
2021 296 17    5.3  313.5   1.6  366.   3.8   28548.
2021 296 18    5.3  313.5   2.4  366.   3.8   22723.
2021 296 19    5.3  313.5   0.1  354.   4.0   33510.
2021 296 20    5.3  313.6   0.3  353.   4.2   32498.
2021 296 21    5.3  313.6   1.0  353.   4.3   32031.
2021 296 22    5.3  313.7  -0.9  345.   4.9   37509.
2021 296 23    5.3  313.7  -0.1  359.   6.3   39745.
2021 297  0    5.3  313.7  -0.1  366.   7.1   40751.
2021 297  1    5.2  313.8  -1.3  353.   7.4   47574.
2021 297  2    5.2  313.8   0.4  359.   7.8   38249.
2021 297  3    5.2  313.9   0.6  354.   8.3   35966.
2021 297  4    5.2  313.9   0.2  351.   7.2   41218.
2021 297  5    5.2  314.0  -2.4  340.   7.9   39900.
2021 297  6    5.2  314.0  -2.1  341.   6.1   43729.
2021 297  7    5.2  314.0  -3.3  344.   6.6   41629.
2021 297  8    5.2  314.1  -1.0  351.   8.8   43927.
2021 297  9    5.2  314.1  -2.3  349.  10.2   57657.
2021 297 10    5.2  314.2  -0.6  360.  10.5   68773.
2021 297 11    5.2  314.2  -2.5  355.  10.7   72297.
2021 297 12    5.2  314.2  -2.6  347.  10.1   66933.
2021 297 13    5.2  314.3  -1.3  350.   8.6   68787.
2021 297 14    5.2  314.3   1.9  358.   8.1   74634.
2021 297 15    5.2  314.4   1.8  358.   7.0   59516.
2021 297 16    5.2  314.4   2.9  353.   5.7   50028.
2021 297 17    5.2  314.5   2.7  351.   5.3   50600.
2021 297 18    5.2  314.5   0.4  347.   5.9   58720.
2021 297 19    5.2  314.5   2.1  348.   5.3   50527.
2021 297 20    5.2  314.6   1.2  346.   4.9   49012.
2021 297 21    5.2  314.6   2.4  352.   4.9   47864.
2021 297 22    5.2  314.7   3.2  359.   4.7   46850.
2021 297 23    5.2  314.7   3.9  361.   5.2   46202.
2021 298  0    5.2  314.7  -1.4  329.   5.2   43282.
2021 298  1    5.2  314.8  -3.9  321.   5.5   37195.
2021 298  2    5.2  314.8  -4.1  317.   5.3   35043.
2021 298  3    5.2  314.9  -0.3  330.   6.0   32702.
2021 298  4    5.1  314.9  -0.7  326.   5.9   31337.
2021 298  5    5.1  315.0   1.1  336.   5.9   32929.
2021 298  6    5.1  315.0  -0.9  323.   5.6   31685.
2021 298  7    5.1  315.0  -2.7  314.   4.9   23464.
2021 298  8    5.1  315.1  -1.3  324.   5.8   25884.
2021 298  9    5.1  315.1   0.0  336.   5.8   28263.
2021 298 10    5.1  315.2  -0.5  338.   6.4   33282.
2021 298 11    5.1  315.2  -0.2  344.   8.5   30290.
2021 298 12    5.1  315.2  -0.2  341.   9.8   33765.
2021 298 13    5.1  315.3  -1.0  339.  12.8   41246.
2021 298 14    5.1  315.3  -2.5  326.  14.8   39385.
2021 298 15    5.1  315.4  -1.6  340.  21.4   43449.
2021 298 16    5.1  315.4   1.2  342.  21.7   34136.
2021 298 17    5.1  315.5   0.4  341.  15.9   36206.
2021 298 18    5.1  315.5  -2.8  338.  11.3   55980.
2021 298 19    5.1  315.5  -3.4  335.  10.5   47426.
2021 298 20    5.1  315.6  -2.6  337.   8.1   34879.
2021 298 21    5.1  315.6  -3.8  333.   7.3   33045.
2021 298 22    5.1  315.7   1.2  339.  10.7   34862.
2021 298 23    5.1  315.7   3.3  342.  11.7   29999.
2021 299  0    5.1  315.7  -4.7  326.   7.4   28148.
2021 299  1    5.1  315.8  -0.5  345.  10.7   62605.
2021 299  2    5.1  315.8   1.7  341.   9.4   65596.
2021 299  3    5.1  315.9  -0.6  338.  11.1   75667.
2021 299  4    5.1  315.9  -1.1  342.   9.0   73997.
2021 299  5    5.1  315.9  -2.5  338.   8.7   61178.
2021 299  6    5.1  316.0  -3.6  330.   7.4   48963.
2021 299  7    5.0  316.0  -2.6  331.   7.0   43912.
2021 299  8    5.0  316.1  -1.7  334.   7.5   48857.
2021 299  9    5.0  316.1  -3.0  333.   7.3   41992.
2021 299 10    5.0  316.2  -2.6  343.   7.1   54135.
2021 299 11    5.0  316.2  -2.3  343.   7.2   53933.
2021 299 12    5.0  316.2  -1.3  348.   7.7   60107.
2021 299 13    5.0  316.3  -1.5  349.   7.4   53441.
2021 299 14    5.0  316.3  -1.9  342.   7.5   49839.
2021 299 15    5.0  316.4   0.3  354.   7.5   46365.
2021 299 16    5.0  316.4  -0.4  349.   7.3   43956.
2021 299 17    5.0  316.4  -0.7  342.   7.8   37860.
2021 299 18    5.0  316.5  -1.9  337.   7.9   36736.
2021 299 19    5.0  316.5  -2.7  330.   9.1   41559.
2021 299 20    5.0  316.6  -0.5  333.   8.5   41383.
2021 299 21    5.0  316.6   2.6  345.   6.5   45503.
2021 299 22    5.0  316.7  -3.6  326.   9.2   48080.
2021 299 23    5.0  316.7  -3.2  339.   8.4   56778.
2021 300  0    5.0  316.7  -1.9  373.   6.9   74923.
2021 300  1    5.0  316.8   1.6  356.   4.8   77987.
2021 300  2    5.0  316.8   1.1  364.   4.5   72767.
2021 300  3    5.0  316.9   0.1  382.   4.2   62411.
2021 300  4    5.0  316.9  -2.6  381.   3.6   58419.
2021 300  5    5.0  316.9  -3.4  382.   2.9   51931.
2021 300  6    5.0  317.0  -3.4  385.   3.4   53803.
2021 300  7    5.0  317.0  -3.0  383.   3.6   45386.
2021 300  8    5.0  317.1  -2.9  375.   2.6   37703.
2021 300  9    4.9  317.1  -2.1  373.   3.9   40094.
2021 300 10    4.9  317.2  -0.3  371.   4.9   40376.
2021 300 11    4.9  317.2  -0.7  376.   7.0   20161.
2021 300 12    4.9  317.2  -2.5  367.   4.4   30951.
2021 300 13    4.9  317.3  -2.8  365.   4.3   28271.
2021 300 14    4.9  317.3  -1.5  364.   6.2   22886.
2021 300 15    4.9  317.4  -1.0  360.   4.6   40739.
2021 300 16    4.9  317.4  -0.5  359.   4.2   51173.
2021 300 17    4.9  317.4  -1.2  360.   4.9   41306.
2021 300 18    4.9  317.5  -0.7  364.   5.1   34589.
2021 300 19    4.9  317.5   0.3  357.   4.7   30441.
2021 300 20    4.9  317.6  -0.4  358.   4.4   33828.
2021 300 21    4.9  317.6  -0.4  358.   4.8   28292.
2021 300 22    4.9  317.7   0.0  356.   4.5   26287.
2021 300 23    4.9  317.7  -0.8  351.   4.6   24054.
2021 301  0    4.9  317.7  -1.1  348.   4.5   20934.
2021 301  1    4.9  317.8  -1.6  334.   5.5    6281.
2021 301  2    4.9  317.8  -1.3  330.   5.3    6021.
2021 301  3    4.9  317.9  -0.9  324.   4.7    6915.
2021 301  4    4.9  317.9  -0.7  322.   4.6    7633.
2021 301  5    4.9  317.9  -0.1  317.   5.2    7272.
2021 301  6    4.9  318.0   0.3  317.   5.5    7632.
2021 301  7    4.9  318.0   0.2  314.   5.9    8396.
2021 301  8    4.9  318.1   0.6  311.   6.1    9751.
2021 301  9    4.9  318.1   1.3  307.   6.6    9304.
2021 301 10    4.9  318.2   1.5  306.   7.1   10007.
2021 301 11    4.8  318.2  -0.6  306.   8.4   11269.
2021 301 12    4.8  318.2  -1.6  311.   8.5   10747.
2021 301 13    4.8  318.3  -0.2  309.   9.6    8974.
2021 301 14    4.8  318.3   0.4  307.  10.6    8511.
2021 301 15    4.8  318.4   2.3  303.  10.9    9210.
2021 301 16    4.8  318.4  -0.4  305.  12.2    9948.
2021 301 17    4.8  318.4   0.3  304.  10.6   11413.
2021 301 18    4.8  318.5  -1.1  304.  11.7   12653.
2021 301 19    4.8  318.5  -2.0  312.  11.0   11605.
2021 301 20    4.8  318.6  -0.9  310.  12.7   14517.
2021 301 21    4.8  318.6   0.5  307.  15.0   23172.
2021 301 22    4.8  318.7  -0.6  302.  14.4   23738.
2021 301 23    4.8  318.7  -0.7  298.  13.8   24458.
2021 302  0    4.8  318.7   0.1  295.  14.0   23453.
2021 302  1    4.8  318.8  -0.6  292.  13.9   17955.
2021 302  2    4.8  318.8  -0.3  294.  13.4   18753.
2021 302  3    4.8  318.9   0.1  295.  13.4   18948.
2021 302  4    4.8  318.9   0.5  299.  13.0   23973.
2021 302  5    4.8  318.9  -1.3  301.  11.6   28803.
2021 302  6    4.8  319.0  -3.1  292.   8.0   37289.
2021 302  7    4.8  319.0  -3.4  291.   8.1   33568.
2021 302  8    4.8  319.1  -3.5  288.   7.1   33147.
2021 302  9    4.8  319.1  -3.4  287.   6.6   35642.
2021 302 10    4.8  319.1  -3.5  286.   6.6   33789.
2021 302 11    4.8  319.2  -2.8  288.   6.9   36278.
2021 302 12    4.7  319.2  -1.9  290.   7.0   38568.
2021 302 13    4.7  319.3  -1.8  291.   7.4   40153.
2021 302 14    4.7  319.3  -1.1  292.   8.5   35497.
2021 302 15    4.7  319.4   0.0  299.   9.8   33028.
2021 302 16    4.7  319.4   0.4  300.  12.7   24644.
2021 302 17    4.7  319.4   0.9  302.  17.5   17582.
2021 302 18    4.7  319.5   2.2  298.  18.1   16938.
2021 302 19    4.7  319.5   2.6  300.  13.9   25311.
2021 302 20    4.7  319.6   0.4  308.  12.9   40732.
2021 302 21    4.7  319.6   2.5  319.  11.5   39639.
2021 302 22    4.7  319.6  -3.5  322.  10.8   48140.
2021 302 23    4.7  319.7  -4.0  332.  12.3   53765.
2021 303  0    4.7  319.7  -3.8  325.  12.0   51223.
2021 303  1    4.7  319.8  -1.2  336.  12.5   53820.
2021 303  2    4.7  319.8  -4.2  321.  10.6   44445.
2021 303  3    4.7  319.9  -3.4  316.  11.2   41889.
2021 303  4    4.7  319.9  -1.7  318.  12.3   36551.
2021 303  5    4.7  319.9   2.1  316.   9.7   21695.
2021 303  6    4.7  320.0   0.8  310.  10.9   22268.
2021 303  7    4.7  320.0  -0.3  306.  14.0   23874.
2021 303  8    4.7  320.1  -0.9  309.  15.6   23328.
2021 303  9    4.7  320.1  -2.3  317.  14.0   21104.
2021 303 10    4.7  320.1  -2.8  318.  12.9   23792.
2021 303 11    4.7  320.2  -2.8  320.  13.0   27538.
2021 303 12    4.7  320.2  -2.2  323.  15.5   24698.
2021 303 13    4.6  320.3  -3.6  324.  19.2   20869.
2021 303 14    4.6  320.3  -3.8  326.  23.8   17155.
2021 303 15    4.6  320.4  -4.1  327.  25.6   17593.
2021 303 16    4.6  320.4  -2.3  330.  26.5   17104.
2021 303 17    4.6  320.4  -1.9  339.  23.2   21350.
2021 303 18    4.6  320.5  -0.7  351.  34.6   35895.
2021 303 19    4.6  320.5  -1.6  346.  34.5   43366.
2021 303 20    4.6  320.6   0.5  349.  18.7   97447.
2021 303 21    4.6  320.6   0.3  364.  14.4  120489.
2021 303 22    4.6  320.6   0.6  357.  10.1  140451.
2021 303 23    4.6  320.7   3.1  361.   9.1  113015.
2021 304  0    4.6  320.7   4.4  377.   7.8  112267.
2021 304  1    4.6  320.8   4.6  385.   6.5   94197.
2021 304  2    4.6  320.8   4.3  388.   6.5   75803.
2021 304  3    4.6  320.9   4.3  382.   6.4   73341.
2021 304  4    4.6  320.9   4.8  380.   6.5   66991.
2021 304  5    4.6  320.9   4.7  379.   5.9   62127.
2021 304  6    4.6  321.0   4.9  375.   6.6   61406.
2021 304  7    4.6  321.0   4.4  369.   7.2   60002.
2021 304  8    4.6  321.1   3.6  365.   7.3   60778.
2021 304  9    4.6  321.1   3.4  369.   7.4   66880.
2021 304 10    4.6  321.1   5.5  399.  11.1   93076.
2021 304 11    4.6  321.2   6.0  425.  16.1  127609.
2021 304 12    4.6  321.2   1.5  445.  16.2  138183.
2021 304 13    4.6  321.3   6.7  437.  10.3  129034.
2021 304 14    4.5  321.3   9.0  430.   7.2  127407.
2021 304 15    4.5  321.4   5.9  425.  10.9  119111.
2021 304 16    4.5  321.4   5.1  429.  11.4  113774.
2021 304 17    4.5  321.4   3.4  423.  10.8   93495.
2021 304 18    4.5  321.5  -1.1  436.   9.6   77651.
2021 304 19    4.5  321.5   2.9  434.   7.7   85275.
2021 304 20    4.5  321.6   5.8  443.   6.1   67972.
2021 304 21    4.5  321.6   5.3  439.   6.8   67909.
2021 304 22    4.5  321.6   0.7  438.  11.7  123245.
2021 304 23    4.5  321.7   3.0  428.  11.2  119123.
2021 305  0    4.5  321.7   4.7  415.  12.4  112465.
2021 305  1    4.5  321.8   3.4  415.  12.5  107401.
2021 305  2    4.5  321.8   3.7  416.  12.3  104176.
2021 305  3    4.5  321.9   4.6  405.  10.6   87314.
2021 305  4    4.5  321.9   5.3  394.   8.2   81306.
2021 305  5    4.5  321.9   5.5  389.   8.5   68988.
2021 305  6    4.5  322.0   4.3  379.  10.4   56503.
2021 305  7    4.5  322.0   3.5  372.  10.6   50589.
2021 305  8    4.5  322.1   3.2  363.  10.9   30637.
2021 305  9    4.5  322.1   3.3  359.  10.2   25537.
2021 305 10    4.5  322.1   2.8  353.   9.7   20386.
2021 305 11    4.5  322.2   2.7  349.   9.2   17438.
2021 305 12    4.5  322.2   2.7  349.  10.9   21102.
2021 305 13    4.5  322.3   2.6  350.  15.4   26821.
2021 305 14    4.4  322.3   2.5  352.  20.2   25506.
2021 305 15    4.4  322.4   0.5  351.  23.7   29313.
2021 305 16    4.4  322.4  -1.2  338.  18.3   35931.
2021 305 17    4.4  322.4   2.9  345.  26.0   36632.
2021 305 18    4.4  322.5   0.0  353.  27.0   43412.
2021 305 19    4.4  322.5   3.3  370.  12.4   48921.
2021 305 20    4.4  322.6   1.1  370.  20.9   52396.
2021 305 21    4.4  322.6   0.5  377.  24.3   82871.
2021 305 22    4.4  322.6   3.7  388.  11.4  144860.
2021 305 23    4.4  322.7   3.8  401.   6.2  192526.
2021 306  0    4.4  322.7   1.7  426.   7.7  258714.
2021 306  1    4.4  322.8   3.4  457.   8.3  245619.
2021 306  2    4.4  322.8   4.3  483.   6.9  221515.
2021 306  3    4.4  322.9   2.6  531.   3.5  135113.
2021 306  4    4.4  322.9   2.6  547.   3.6  144960.
2021 306  5    4.4  322.9   2.6  567.   4.3  186397.
2021 306  6    4.4  323.0   2.3  578.   4.4  191941.
2021 306  7    4.4  323.0   1.6  585.   4.4  181835.
2021 306  8    4.4  323.1   0.8  590.   4.6  188175.
2021 306  9    4.4  323.1   4.2  574.   3.6  202868.
2021 306 10    4.4  323.1   2.0  593.   4.1  238696.
2021 306 11    4.4  323.2   0.7  619.   4.2  261736.
2021 306 12    4.4  323.2   2.0  620.   4.7  224216.
2021 306 13    4.4  323.3   1.6  622.   4.3  205751.
2021 306 14    4.3  323.3   1.9  625.   3.6  204281.
2021 306 15    4.3  323.4   2.2  621.   3.1  206990.
2021 306 16    4.3  323.4   0.4  618.   3.2  218226.
2021 306 17    4.3  323.4   1.2  604.   3.1  212494.
2021 306 18    4.3  323.5   2.5  595.   3.0  218570.
2021 306 19    4.3  323.5   2.8  589.   3.2  203173.
2021 306 20    4.3  323.6   3.7  588.   2.7  180647.
2021 306 21    4.3  323.6   3.9  591.   2.6  172209.
2021 306 22    4.3  323.6   3.6  590.   2.4  155359.
2021 306 23    4.3  323.7   2.4  587.   2.3  151578.
2021 307  0    4.3  323.7   0.7  596.   2.2  144187.
2021 307  1    4.3  323.8   2.1  573.   1.8  149004.
2021 307  2    4.3  323.8   3.7  560.   1.8  139844.
2021 307  3    4.3  323.8   4.1  539.   1.5  104008.
2021 307  4    4.3  323.9   3.9  533.   1.4  113859.
2021 307  5    4.3  323.9   3.3  542.   1.7  120362.
2021 307  6    4.3  324.0   3.4  539.   1.8  123196.
2021 307  7    4.3  324.0   3.7  535.   1.9  119459.
2021 307  8    4.3  324.1   3.4  534.   1.9   98504.
2021 307  9    4.3  324.1   3.0  527.   1.8   84801.
2021 307 10    4.3  324.1   3.1  517.   1.5   76495.
2021 307 11    4.3  324.2   3.0  509.   1.6   70160.
2021 307 12    4.3  324.2   2.3  512.   1.3   63983.
2021 307 13    4.2  324.3   0.9  528.   0.9   92262.
2021 307 14    4.2  324.3   2.3  496.   0.9   73070.
2021 307 15    4.2  324.3   2.2  498.   0.8   89111.
2021 307 16    4.2  324.4   1.8  507.   0.8  120604.
2021 307 17    4.2  324.4   1.3  509.   0.9  122627.
2021 307 18    4.2  324.5   1.4  491.   0.9   96331.
2021 307 19    4.2  324.5   0.2  483.   1.6   88339.
2021 307 20    4.2  324.6   1.1  623.   5.5  209776.
2021 307 21    4.2  324.6  -5.1  725.   9.9  382029.
2021 307 22    4.2  324.6   6.9  678.   7.8  961220.
2021 307 23    4.2  324.7  15.1  677.   8.0 1312945.
2021 308  0    4.2  324.7  -3.2  741.   9.3 1031504.
2021 308  1    4.2  324.8 -15.4  762.  11.2  744841.
2021 308  2    4.2  324.8  -9.2  742.  12.7  592850.
2021 308  3    4.2  324.8  -4.8  717.  10.5  667719.
2021 308  4    4.2  324.9   0.1  686.   7.2  586007.
2021 308  5    4.2  324.9  -5.4  706.   7.3  659541.
2021 308  6    4.2  325.0  -4.4  733.   7.8  408346.
2021 308  7    4.2  325.0  -5.5  706.   7.3  225408.
2021 308  8    4.2  325.1 -15.8  712.   4.1   37724.
2021 308  9    4.2  325.1   5.9  698.   8.1   32057.
2021 308 10    4.2  325.1   6.7  712.   8.0   47733.
2021 308 11    4.2  325.2   0.1  757.   2.9   25299.
2021 308 12    4.2  325.2   3.3  728.   4.0   12332.
2021 308 13    4.1  325.3   7.8  678.   3.3    8409.
2021 308 14    4.1  325.3   9.0  655.   3.3    7792.
2021 308 15    4.1  325.3  10.3  642.   2.4    9439.
2021 308 16    4.1  325.4  10.3  642.   2.3   11006.
2021 308 17    4.1  325.4  10.6  637.   2.0   29208.
2021 308 18    4.1  325.5  10.9  628.   2.6   10521.
2021 308 19    4.1  325.5  11.2  621.   2.2   13694.
2021 308 20    4.1  325.6  10.5  625.   2.2   11432.
2021 308 21    4.1  325.6  10.3  612.   2.4   10673.
2021 308 22    4.1  325.6   8.9  614.   2.9   13064.
2021 308 23    4.1  325.7   8.3  613.   1.7   16180.
2021 309  0    4.1  325.7   7.5  611.   1.6   15657.
2021 309  1    4.1  325.8   7.3  607.   1.3   29983.
2021 309  2    4.1  325.8   7.7  595.   1.4   64785.
2021 309  3    4.1  325.8   7.7  564.   1.4   22282.
2021 309  4    4.1  325.9   4.5  583.   1.5   43154.
2021 309  5    4.1  325.9  -1.2  595.  14.2  158687.
2021 309  6    4.1  326.0  -2.1  585.  14.8  111141.
2021 309  7    4.1  326.0  -1.9  576.   8.7   88065.
2021 309  8    4.1  326.1  -1.8  594.   3.8  116453.
2021 309  9    4.1  326.1  -2.4  606.   3.4  100020.
2021 309 10    4.1  326.1  -2.3  600.   2.4  115129.
2021 309 11    4.1  326.2  -3.4  586.   2.3   69443.
2021 309 12    4.0  326.2  -4.6  616.   3.6   97411.
2021 309 13    4.0  326.3  -6.4  598.   5.7   91530.
2021 309 14    4.0  326.3  -1.3  576.   8.3   59653.
2021 309 15    4.0  326.3   4.3  566.   3.3   32261.
2021 309 16    4.0  326.4   1.2  552.   6.7   51610.
2021 309 17    4.0  326.4  -2.5  548.   5.8   39966.
2021 309 18    4.0  326.5  -3.0  546.   4.2   35682.
2021 309 19    4.0  326.5   0.4  537.   3.5   35554.
2021 309 20    4.0  326.6   2.5  537.   3.4   20447.
2021 309 21    4.0  326.6   2.7  536.   5.2   24452.
2021 309 22    4.0  326.6   1.8  535.   8.7   27042.
2021 309 23    4.0  326.7  -0.0  531.  11.4   22075.
2021 310  0    4.0  326.7   0.5  558.  18.8   41804.
2021 310  1    4.0  326.8  -2.1  586.  12.7   81236.
2021 310  2    4.0  326.8  -3.4  625.   9.8   58714.
2021 310  3    4.0  326.8  -3.4  622.   8.1   59107.
2021 310  4    4.0  326.9  -0.4  620.  13.5   38697.
2021 310  5    4.0  326.9   0.2  612.  12.1   36508.
2021 310  6    4.0  327.0   0.4  607.   9.9   44407.
2021 310  7    4.0  327.0  -0.4  602.  10.4   43166.
2021 310  8    4.0  327.1  -1.5  591.  10.5   50650.
2021 310  9    4.0  327.1  -1.8  584.   6.7   62492.
2021 310 10    3.9  327.1  -0.5  575.  10.3   33994.
2021 310 11    3.9  327.2  -2.4  566.   4.8   76119.
2021 310 12    3.9  327.2  -2.7  542.   1.1   54165.
2021 310 13    3.9  327.3  -2.7  534.   0.9   52898.
2021 310 14    3.9  327.3  -1.3  560.   1.1   91866.
2021 310 15    3.9  327.3  -1.8  539.   1.1   90671.
2021 310 16    3.9  327.4  -1.7  551.   1.3  101911.
2021 310 17    3.9  327.4  -2.9  527.   1.3   74846.
2021 310 18    3.9  327.5  -2.4  528.   1.4   68106.
2021 310 19    3.9  327.5  -2.7  528.   1.4   80143.
2021 310 20    3.9  327.6  -1.4  545.   1.4   79579.
2021 310 21    3.9  327.6   0.0  563.   1.6  113997.
2021 310 22    3.9  327.6   1.6  574.   2.1  107290.
2021 310 23    3.9  327.7   1.8  540.   3.7   50078.
2021 311  0    3.9  327.7   1.8  531.   7.0   42807.
2021 311  1    3.9  327.8  -0.1  521.  12.0   34544.
2021 311  2    3.9  327.8   1.6  531.   4.7   73605.
2021 311  3    3.9  327.8   1.6  527.   4.0   71977.
2021 311  4    3.9  327.9  -1.1  506.   2.0   96077.
2021 311  5    3.9  327.9  -0.9  510.   1.8  100838.
2021 311  6    3.9  328.0   0.3  540.   2.0  122847.
2021 311  7    3.9  328.0  -2.1  498.   1.8   97914.
2021 311  8    3.9  328.1  -4.3  474.   1.7   89588.
2021 311  9    3.8  328.1  -4.4  459.   1.4   69410.
2021 311 10    3.8  328.1  -3.8  459.   1.5   72066.
2021 311 11    3.8  328.2  -3.2  464.   1.8   96095.
2021 311 12    3.8  328.2  -3.4  449.   1.8   79419.
2021 311 13    3.8  328.3  -3.0  447.   1.9   67394.
2021 311 14    3.8  328.3  -3.1  443.   1.9   75343.
2021 311 15    3.8  328.3  -2.9  441.   1.8   70730.
2021 311 16    3.8  328.4  -3.3  433.   1.6   57951.
2021 311 17    3.8  328.4  -3.2  432.   1.6   53276.
2021 311 18    3.8  328.5  -2.1  447.   1.8   56544.
2021 311 19    3.8  328.5  -1.4  454.   1.9   61246.
2021 311 20    3.8  328.6  -2.0  447.   1.8   52674.
2021 311 21    3.8  328.6  -1.6  448.   1.8   55413.
2021 311 22    3.8  328.6  -2.1  435.   1.7   42845.
2021 311 23    3.8  328.7  -2.7  428.   1.8   40576.
2021 312  0    3.8  328.7  -3.3  418.   1.8   32287.
2021 312  1    3.8  328.8  -2.9  425.   2.2   43081.
2021 312  2    3.8  328.8  -1.7  431.   2.5   52564.
2021 312  3    3.8  328.8  -2.4  427.   2.1   42792.
2021 312  4    3.8  328.9  -1.0  441.   2.4   55835.
2021 312  5    3.8  328.9  -1.6  431.   2.5   44803.
2021 312  6    3.8  329.0  -2.0  424.   2.4   33892.
2021 312  7    3.7  329.0  -2.6  415.   2.3   30194.
2021 312  8    3.7  329.1  -3.0  404.   2.3   38721.
2021 312  9    3.7  329.1  -2.6  398.   2.5   35189.
2021 312 10    3.7  329.1  -3.5  389.   2.8   46367.
2021 312 11    3.7  329.2  -3.2  398.   4.5   61816.
2021 312 12    3.7  329.2  -3.3  395.   4.4   55478.
2021 312 13    3.7  329.3  -3.4  387.   4.4   48324.
2021 312 14    3.7  329.3  -3.1  395.   4.6   51074.
2021 312 15    3.7  329.3  -4.5  375.   3.6   39603.
2021 312 16    3.7  329.4  -3.9  374.   3.5   31755.
2021 312 17    3.7  329.4  -3.4  383.   4.3   54530.
2021 312 18    3.7  329.5  -1.3  398.   8.0   58498.
2021 312 19    3.7  329.5  -1.1  399.  10.3   44188.
2021 312 20    3.7  329.6  -1.1  396.   8.2   49139.
2021 312 21    3.7  329.6   0.3  398.  11.1   47242.
2021 312 22    3.7  329.6   0.5  395.  12.4   43215.
2021 312 23    3.7  329.7  -1.3  389.  14.4   28400.
2021 313  0    3.7  329.7  -2.3  381.  11.4   32498.
2021 313  1    3.7  329.8   1.7  384.  11.7   27272.
2021 313  2    3.7  329.8   3.9  379.   6.6   39864.
2021 313  3    3.7  329.8   3.7  375.   4.2   51132.
2021 313  4    3.7  329.9   2.6  378.   4.5   52166.
2021 313  5    3.6  329.9   2.5  376.   4.7   52992.
2021 313  6    3.6  330.0   2.4  374.   5.2   51862.
2021 313  7    3.6  330.0   1.5  373.   5.4   49234.
2021 313  8    3.6  330.1   2.4  370.   5.2   46796.
2021 313  9    3.6  330.1   2.5  364.   5.5   46300.
2021 313 10    3.6  330.1   2.7  356.   5.6   44741.
2021 313 11    3.6  330.2   3.9  357.   4.8   43625.
2021 313 12    3.6  330.2   4.0  350.   4.7   44127.
2021 313 13    3.6  330.3   3.7  348.   4.4   41978.
2021 313 14    3.6  330.3   3.6  346.   4.7   39693.
2021 313 15    3.6  330.3   3.7  347.   5.3   41608.
2021 313 16    3.6  330.4   3.5  348.   5.3   43432.
2021 313 17    3.6  330.4   2.2  354.   6.9   45819.
2021 313 18    3.6  330.5   2.0  357.   7.5   49051.
2021 313 19    3.6  330.5   1.7  363.   8.5   54122.
2021 313 20    3.6  330.6   1.6  376.  11.3   65500.
2021 313 21    3.6  330.6   2.3  373.  11.6   70976.
2021 313 22    3.6  330.6   0.5  380.  11.3   65433.
2021 313 23    3.6  330.7   1.9  388.  10.6   74761.
2021 314  0    3.6  330.7   2.4  387.  11.3   77242.
2021 314  1    3.6  330.8   0.3  392.  11.4   84144.
2021 314  2    3.6  330.8   0.7  393.  10.4  101690.
2021 314  3    3.5  330.8   1.7  400.   9.1  131347.
2021 314  4    3.5  330.9   1.4  404.   8.1  167979.
2021 314  5    3.5  330.9   0.3  414.   7.6  172712.
2021 314  6    3.5  331.0   0.3  413.   7.4  170729.
2021 314  7    3.5  331.0   1.7  418.   6.7  166471.
2021 314  8    3.5  331.1   1.8  431.   6.4  175659.
2021 314  9    3.5  331.1   3.0  430.   6.1  160173.
2021 314 10    3.5  331.1   2.5  434.   5.3  147882.
2021 314 11    3.5  331.2   2.0  431.   5.1  129000.
2021 314 12    3.5  331.2  -0.4  437.   5.0  123465.
2021 314 13    3.5  331.3   0.9  428.   4.8  119523.
2021 314 14    3.5  331.3   2.6  427.   4.8  110396.
2021 314 15    3.5  331.3   2.5  428.   4.6  104247.
2021 314 16    3.5  331.4   1.8  429.   4.3   91843.
2021 314 17    3.5  331.4  -3.8  428.   4.4   93656.
2021 314 18    3.5  331.5   1.0  417.   4.1   93202.
2021 314 19    3.5  331.5   3.2  409.   4.4  103785.
2021 314 20    3.5  331.6  -0.8  418.   4.3  106830.
2021 314 21    3.5  331.6   2.4  404.   5.0  108178.
2021 314 22    3.5  331.6   3.6  401.   4.8   96098.
2021 314 23    3.5  331.7   3.3  398.   4.8   89140.
2021 315  0    3.4  331.7   3.2  401.   4.9   82107.
2021 315  1    3.4  331.8   3.4  400.   5.6   83733.
2021 315  2    3.4  331.8   4.2  395.   5.6   74627.
2021 315  3    3.4  331.8   4.3  395.   6.1   67489.
2021 315  4    3.4  331.9   4.3  397.   6.8   59081.
2021 315  5    3.4  331.9   4.5  394.   7.1   66593.
2021 315  6    3.4  332.0   4.6  395.   7.8   63090.
2021 315  7    3.4  332.0   4.4  393.   8.0   53447.
2021 315  8    3.4  332.1   4.2  392.   7.8   54538.
2021 315  9    3.4  332.1   4.5  386.   6.4   67422.
2021 315 10    3.4  332.1   4.4  382.   7.8   46138.
2021 315 11    3.4  332.2   3.8  383.   8.7   44537.
2021 315 12    3.4  332.2   3.7  380.   9.6   40920.
2021 315 13    3.4  332.3   4.7  375.   8.2   38405.
2021 315 14    3.4  332.3   1.9  374.  10.5   42832.
2021 315 15    3.4  332.3   2.4  372.  11.0   39464.
2021 315 16    3.4  332.4  -0.5  371.  10.1   37792.
2021 315 17    3.4  332.4  -3.3  361.   4.5   32931.
2021 315 18    3.4  332.5  -4.3  363.   4.1   36271.
2021 315 19    3.4  332.5  -4.6  371.   5.7   44919.
2021 315 20    3.4  332.6  -4.3  375.   7.9   53001.
2021 315 21    3.4  332.6  -5.6  358.   5.3   45168.
2021 315 22    3.3  332.6  -4.1  377.   4.7   63657.
2021 315 23    3.3  332.7  -3.0  407.   4.7   95643.
2021 316  0    3.3  332.7  -3.2  402.   4.5   83045.
2021 316  1    3.3  332.8  -2.7  398.   5.3   66357.
2021 316  2    3.3  332.8  -3.5  394.   4.9   51982.
2021 316  3    3.3  332.8  -3.2  391.   4.8   54994.
2021 316  4    3.3  332.9  -3.9  392.   5.7   73984.
2021 316  5    3.3  332.9  -2.7  390.   5.4   76275.
2021 316  6    3.3  333.0  -2.1  389.   5.7   68129.
2021 316  7    3.3  333.0  -2.2  386.   6.1   76230.
2021 316  8    3.3  333.1  -2.9  385.   5.7   73626.
2021 316  9    3.3  333.1  -2.4  385.   5.6   67197.
2021 316 10    3.3  333.1  -3.9  378.   4.3   53567.
2021 316 11    3.3  333.2  -3.5  368.   4.8   56882.
2021 316 12    3.3  333.2  -2.9  367.   5.6   65106.
2021 316 13    3.3  333.3  -3.9  366.   4.8   56986.
2021 316 14    3.3  333.3  -3.9  364.   5.0   62708.
2021 316 15    3.3  333.4  -4.2  357.   4.5   51095.
2021 316 16    3.3  333.4  -4.6  353.   4.0   42102.
2021 316 17    3.3  333.4  -4.7  351.   4.3   41038.
2021 316 18    3.3  333.5  -4.8  350.   4.4   41951.
2021 316 19    3.2  333.5  -4.8  346.   4.3   40803.
2021 316 20    3.2  333.6  -4.8  345.   4.6   40463.
2021 316 21    3.2  333.6  -4.3  346.   4.5   34597.
2021 316 22    3.2  333.6  -4.4  345.   4.6   37480.
2021 316 23    3.2  333.7  -4.1  342.   4.2   27332.
2021 317  0    3.2  333.7  -4.3  341.   4.3   22685.
2021 317  1    3.2  333.8  -4.4  336.   4.0   21501.
2021 317  2    3.2  333.8  -3.7  338.   4.1   20401.
2021 317  3    3.2  333.9  -3.9  337.   4.2   20892.
2021 317  4    3.2  333.9  -3.6  338.   4.5   23268.
2021 317  5    3.2  333.9  -3.6  338.   4.6   23162.
2021 317  6    3.2  334.0  -4.0  335.   4.0   28530.
2021 317  7    3.2  334.0  -3.9  331.   3.4   20444.
2021 317  8    3.2  334.1  -3.3  336.   4.1   31048.
2021 317  9    3.2  334.1  -2.0  353.   6.0   42677.
2021 317 10    3.2  334.1  -2.4  347.   5.9   42931.
2021 317 11    3.2  334.2   0.3  351.   6.5   36497.
2021 317 12    3.2  334.2  -0.1  345.   6.1   37483.
2021 317 13    3.2  334.3  -0.4  336.   6.2   33438.
2021 317 14    3.2  334.3   0.0  334.   6.3   28774.
2021 317 15    3.2  334.4  -1.4  329.   6.4   33935.
2021 317 16    3.1  334.4  -2.7  321.   6.2   34875.
2021 317 17    3.1  334.4  -1.3  325.   6.2   35812.
2021 317 18    3.1  334.5  -1.0  330.   6.9   34797.
2021 317 19    3.1  334.5   2.7  348.   7.8   24505.
2021 317 20    3.1  334.6   1.5  348.   7.7   25704.
2021 317 21    3.1  334.6  -2.4  323.   7.5   37772.
2021 317 22    3.1  334.6  -3.0  313.   7.7   28807.
2021 317 23    3.1  334.7  -2.5  318.   9.1   24472.
2021 318  0    3.1  334.7  -3.6  316.   7.2   30295.
2021 318  1    3.1  334.8  -3.7  324.   8.7   38761.
2021 318  2    3.1  334.8  -2.5  325.  10.0   36236.
2021 318  3    3.1  334.9  -1.7  327.  10.7   32388.
2021 318  4    3.1  334.9  -1.7  328.  10.7   32135.
2021 318  5    3.1  334.9  -1.9  326.  10.8   26355.
2021 318  6    3.1  335.0  -0.9  320.  11.2   19993.
2021 318  7    3.1  335.0  -1.1  313.  11.6   17693.
2021 318  8    3.1  335.1   0.4  316.  12.5   16818.
2021 318  9    3.1  335.1  -0.2  314.  11.2   18589.
2021 318 10    3.1  335.1  -1.0  313.  10.6   20173.
2021 318 11    3.1  335.2  -0.1  314.   9.6   15684.
2021 318 12    3.1  335.2  -0.5  314.  10.7   16112.
2021 318 13    3.0  335.3  -1.3  306.  11.5   15651.
2021 318 14    3.0  335.3  -1.5  310.  10.8   12628.
2021 318 15    3.0  335.4  -0.9  310.  11.6   12614.
2021 318 16    3.0  335.4   0.3  309.  12.6   12694.
2021 318 17    3.0  335.4  -2.2  303.  11.2   12474.
2021 318 18    3.0  335.5  -2.2  302.  10.3   12436.
2021 318 19    3.0  335.5  -1.7  300.  10.7   12133.
2021 318 20    3.0  335.6  -0.9  301.  10.8   11604.
2021 318 21    3.0  335.6  -1.1  298.  11.2   12033.
2021 318 22    3.0  335.6  -1.2  296.  11.4   11248.
2021 318 23    3.0  335.7  -1.3  295.  11.3    9976.
2021 319  0    3.0  335.7  -1.7  294.  12.2    9766.
2021 319  1    3.0  335.8  -1.9  297.  14.0   11221.
2021 319  2    3.0  335.8  -0.2  312.  13.4   17685.
2021 319  3    3.0  335.9  -0.7  317.  15.2   15847.
2021 319  4    3.0  335.9  -0.5  317.  17.6   15147.
2021 319  5    3.0  335.9   0.6  312.  17.4   13634.
2021 319  6    3.0  336.0   1.7  314.  14.9   14961.
2021 319  7    3.0  336.0  -0.5  313.  15.5   14416.
2021 319  8    3.0  336.1  -1.7  317.  11.4   20134.
2021 319  9    2.9  336.1  -1.3  319.  11.6   22427.
2021 319 10    2.9  336.1  -0.6  322.  11.2   29429.
2021 319 11    2.9  336.2  -1.3  317.  11.8   23951.
2021 319 12    2.9  336.2   1.8  317.  12.7   17903.
2021 319 13    2.9  336.3   3.1  317.  12.8   25170.
2021 319 14    2.9  336.3   1.2  323.  16.5   27861.
2021 319 15    2.9  336.4   3.6  325.  15.4   30951.
2021 319 16    2.9  336.4   4.5  338.  14.4   46749.
2021 319 17    2.9  336.4   1.6  354.  16.9   42611.
2021 319 18    2.9  336.5   1.3  374.  31.3   59946.
2021 319 19    2.9  336.5   5.1  384.  37.1   72357.
2021 319 20    2.9  336.6   4.3  394.  41.6   99688.
2021 319 21    2.9  336.6  -1.2  413.  29.1  199974.
2021 319 22    2.9  336.6  -2.5  413.  14.4  329558.
2021 319 23    2.9  336.7  -1.6  423.  12.8  377998.
2021 320  0    2.9  336.7  -1.9  511.  12.8  419276.
2021 320  1    2.9  336.8  -5.5  564.   8.2  302108.
2021 320  2    2.9  336.8  -2.2  606.   6.8  297530.
2021 320  3    2.9  336.9  -1.4  612.   7.0  305926.
2021 320  4    2.9  336.9  -4.2  594.   6.2  306854.
2021 320  5    2.9  336.9  -4.8  587.   6.1  259381.
2021 320  6    2.8  337.0  -3.7  589.   6.4  287371.
2021 320  7    2.8  337.0  -4.7  581.   4.8  320435.
2021 320  8    2.8  337.1  -4.4  586.   4.6  290369.
2021 320  9    2.8  337.1  -4.0  593.   5.7  336855.
2021 320 10    2.8  337.1  -4.7  585.   4.2  280903.
2021 320 11    2.8  337.2  -2.9  612.   3.1  217365.
2021 320 12    2.8  337.2  -0.5  610.   2.8  208887.
2021 320 13    2.8  337.3  -0.5  602.   2.7  157061.
2021 320 14    2.8  337.3  -1.1  604.   3.8  152712.
2021 320 15    2.8  337.4  -2.3  615.   3.2  208880.
2021 320 16    2.8  337.4  -3.2  614.   3.1  221703.
2021 320 17    2.8  337.4  -1.4  618.   3.1  206656.
2021 320 18    2.8  337.5  -2.0  623.   3.0  231392.
2021 320 19    2.8  337.5  -3.9  607.   2.7  236794.
2021 320 20    2.8  337.6  -5.2  602.   2.8  240973.
2021 320 21    2.8  337.6  -6.0  567.   2.4  159821.
2021 320 22    2.8  337.6  -3.0  624.   3.7  227300.
2021 320 23    2.8  337.7  -1.8  644.   4.8  254519.
2021 321  0    2.8  337.7  -4.1  620.   5.2  219736.
2021 321  1    2.8  337.8  -6.2  600.   5.4  243471.
2021 321  2    2.8  337.8  -3.9  620.   4.6  275512.
2021 321  3    2.7  337.9  -3.7  623.   5.1  279840.
2021 321  4    2.7  337.9  -2.3  623.   4.5  259207.
2021 321  5    2.7  337.9  -2.4  619.   4.1  209153.
2021 321  6    2.7  338.0  -3.9  609.   4.0  198882.
2021 321  7    2.7  338.0  -2.2  611.   3.8  195585.
2021 321  8    2.7  338.1  -3.3  607.   4.1  203837.
2021 321  9    2.7  338.1  -3.1  605.   4.2  217330.
2021 321 10    2.7  338.2  -1.1  625.   3.9  269093.
2021 321 11    2.7  338.2  -3.1  611.   3.3  211498.
2021 321 12    2.7  338.2  -3.0  611.   3.3  178656.
2021 321 13    2.7  338.3  -2.9  601.   2.9  144357.
2021 321 14    2.7  338.3  -2.3  601.   2.7  156447.
2021 321 15    2.7  338.4  -3.0  594.   2.7  158098.
2021 321 16    2.7  338.4  -2.7  590.   2.7  154890.
2021 321 17    2.7  338.4  -3.0  588.   2.5  148699.
2021 321 18    2.7  338.5  -3.1  589.   2.5  147740.
2021 321 19    2.7  338.5  -3.5  577.   2.4  140642.
2021 321 20    2.7  338.6  -3.7  568.   2.7  128163.
2021 321 21    2.7  338.6  -3.6  561.   2.7  122000.
2021 321 22    2.7  338.7   1.3  595.   2.7  124092.
2021 321 23    2.6  338.7   0.0  576.   2.7  116467.
2021 322  0    2.6  338.7  -4.4  533.   2.3   90387.
2021 322  1    2.6  338.8  -4.3  529.   2.6   86428.
2021 322  2    2.6  338.8  -2.2  543.   3.1  121928.
2021 322  3    2.6  338.9   0.5  565.   3.4  126573.
2021 322  4    2.6  338.9  -1.1  545.   3.3  141528.
2021 322  5    2.6  338.9   0.1  550.   3.0  128505.
2021 322  6    2.6  339.0  -1.3  532.   3.2  125118.
2021 322  7    2.6  339.0  -2.5  532.   2.9  103597.
2021 322  8    2.6  339.1  -3.3  530.   2.6  100442.
2021 322  9    2.6  339.1  -4.0  520.   2.2   75145.
2021 322 10    2.6  339.2  -3.6  529.   2.1   99899.
2021 322 11    2.6  339.2  -3.0  547.   2.1   93949.
2021 322 12    2.6  339.2  -3.4  541.   1.9   87922.
2021 322 13    2.6  339.3  -3.0  539.   2.1   91720.
2021 322 14    2.6  339.3  -2.8  529.   1.9   75347.
2021 322 15    2.6  339.4  -2.1  531.   1.7   74807.
2021 322 16    2.6  339.4  -2.4  526.   1.6   69855.
2021 322 17    2.6  339.4  -2.7  524.   1.5   81151.
2021 322 18    2.6  339.5  -2.7  518.   1.6   93631.
2021 322 19    2.5  339.5  -2.9  496.   1.6   77503.
2021 322 20    2.5  339.6  -3.0  491.   1.7   76512.
2021 322 21    2.5  339.6  -2.9  486.   1.5   82243.
2021 322 22    2.5  339.7  -3.0  482.   1.6   69854.
2021 322 23    2.5  339.7  -3.6  480.   1.6   50399.
